ref = 3, ref_l = 3, deg = 1, deg_l = 0, d=0.0
error #colloc_points = 0
error #colloc_points = 0
error #colloc_points = 0
singv null = 18 #colloc_points = 0
[2.11170001e+01 2.11170001e+01 1.54000548e+01 1.54000548e+01
 8.78901038e+00 8.78901038e+00 7.41437036e+00 7.41437036e+00
 6.40429327e+00 6.40429327e+00 3.07349364e+00 3.07349364e+00
 1.79094695e+00 1.79094695e+00 1.30109681e+00 1.30109681e+00
 6.17081159e-01 6.17081159e-01 8.27263648e-15 5.86161749e-15
 5.10392727e-15 4.38965837e-15 4.32477383e-15 3.18419592e-15
 2.55481681e-15 2.51508481e-15 1.87520260e-15 1.84937721e-15
 1.49617429e-15 1.40133036e-15 1.07440388e-15 9.50125284e-16
 9.39574827e-16 9.35482650e-16 8.61613548e-16 6.55601114e-16]
singv null = 6 #colloc_points = 2
[1.24607466e+02 1.24607466e+02 7.55637680e+01 7.55637680e+01
 5.18714008e+01 5.18714008e+01 4.86897971e+01 4.86897971e+01
 3.14467180e+01 3.14467180e+01 2.85937782e+01 2.85937782e+01
 2.02229131e+01 2.02229131e+01 1.82902375e+01 1.82902375e+01
 1.18320330e+01 1.18320330e+01 1.10803343e+01 1.10803343e+01
 7.08964181e+00 7.08964181e+00 4.10806826e+00 4.10806826e+00
 2.51399947e-14 2.49107409e-14 8.45681438e-15 8.39414922e-15
 4.76112129e-15 3.48179193e-15]
error #colloc_points = 3
error #colloc_points = 4
error #colloc_points = 5
singv null = 42 #colloc_points = 6
[5.57885043e+01 5.57885043e+01 4.46112491e+01 4.46112491e+01
 3.44710379e+01 3.44710379e+01 3.24593792e+01 3.24593792e+01
 2.75404989e+01 2.75404989e+01 2.65099759e+01 2.65099759e+01
 2.00313019e+01 2.00313019e+01 1.97446659e+01 1.97446659e+01
 1.83222025e+01 1.83222025e+01 1.69515202e+01 1.69515202e+01
 1.63395070e+01 1.63395070e+01 1.45913816e+01 1.45913816e+01
 1.27486851e+01 1.27486851e+01 1.21088631e+01 1.21088631e+01
 1.05986197e+01 1.05986197e+01 1.03770353e+01 1.03770353e+01
 1.01090362e+01 1.01090362e+01 8.60417637e+00 8.60417637e+00
 7.32987442e+00 7.32987442e+00 6.25934702e+00 6.25934702e+00
 5.91074579e+00 5.91074579e+00 5.32258391e+00 5.32258391e+00
 4.19080806e+00 4.19080806e+00 3.52526368e+00 3.52526368e+00
 1.44714696e-14 1.21232236e-14 1.17081358e-14 1.09629076e-14
 1.05121719e-14 9.56435080e-15 9.03946598e-15 8.59412898e-15
 8.22849782e-15 7.96866041e-15 7.35143009e-15 7.00663625e-15
 6.63512468e-15 6.35127065e-15 6.10602646e-15 5.80586511e-15
 5.59958093e-15 5.04310538e-15 4.82412594e-15 4.69167618e-15
 4.63784120e-15 4.27942215e-15 3.97127105e-15 3.82702390e-15
 3.52869166e-15 3.39561503e-15 3.26137634e-15 3.08002112e-15
 3.01326643e-15 2.77750413e-15 2.58692381e-15 2.54541074e-15
 2.24529326e-15 2.06635473e-15 2.01842931e-15 1.69502973e-15
 1.68820267e-15 1.38835345e-15 1.31899442e-15 1.22337724e-15
 1.13860420e-15 9.34327115e-16]
error #colloc_points = 8
error #colloc_points = 10
singv null = 186 #colloc_points = 12
[1.80527195e+01 1.80527195e+01 1.75002276e+01 1.75002276e+01
 1.64854603e+01 1.64854603e+01 1.58320761e+01 1.58320761e+01
 1.52876026e+01 1.52876026e+01 1.52724697e+01 1.52724697e+01
 1.43145527e+01 1.43145527e+01 1.35840485e+01 1.35840485e+01
 1.31624119e+01 1.31624119e+01 1.25388478e+01 1.25388478e+01
 1.20709053e+01 1.20709053e+01 1.17015828e+01 1.17015828e+01
 1.16230340e+01 1.16230340e+01 1.12518393e+01 1.12518393e+01
 1.08388299e+01 1.08388299e+01 1.08334786e+01 1.08334786e+01
 1.05087865e+01 1.05087865e+01 1.03722452e+01 1.03722452e+01
 1.02795724e+01 1.02795724e+01 1.00864580e+01 1.00864580e+01
 9.92729662e+00 9.92729662e+00 9.55676107e+00 9.55676107e+00
 9.40351297e+00 9.40351297e+00 9.29599287e+00 9.29599287e+00
 9.24864318e+00 9.24864318e+00 9.02776921e+00 9.02776921e+00
 8.72854494e+00 8.72854494e+00 8.47323780e+00 8.47323780e+00
 8.03588849e+00 8.03588849e+00 7.81067173e+00 7.81067173e+00
 7.68230387e+00 7.68230387e+00 7.61330210e+00 7.61330210e+00
 7.47185305e+00 7.47185305e+00 7.39193735e+00 7.39193735e+00
 7.26962224e+00 7.26962224e+00 7.24348709e+00 7.24348709e+00
 7.16655066e+00 7.16655066e+00 6.80947286e+00 6.80947286e+00
 6.64447017e+00 6.64447017e+00 6.63161698e+00 6.63161698e+00
 6.28993602e+00 6.28993602e+00 6.14280070e+00 6.14280070e+00
 6.08685536e+00 6.08685536e+00 5.93500575e+00 5.93500575e+00
 5.93175815e+00 5.93175815e+00 5.73837126e+00 5.73837126e+00
 5.26509941e+00 5.26509941e+00 5.25005231e+00 5.25005231e+00
 5.04661486e+00 5.04661486e+00 4.87985304e+00 4.87985304e+00
 4.49265630e+00 4.49265630e+00 4.32721748e+00 4.32721748e+00
 4.18880326e+00 4.18880326e+00 4.00904028e+00 4.00904028e+00
 3.87287195e+00 3.87287195e+00 3.64703941e+00 3.64703941e+00
 3.36537997e+00 3.36537997e+00 3.16217683e+00 3.16217683e+00
 3.11599907e+00 3.11599907e+00 2.93748314e+00 2.93748314e+00
 1.25511594e-14 1.20796467e-14 1.15272518e-14 1.07178018e-14
 1.05298476e-14 9.96177928e-15 9.68428787e-15 9.40519850e-15
 9.19598375e-15 9.09588542e-15 8.93669078e-15 8.78043921e-15
 8.58121555e-15 8.31665279e-15 8.23124928e-15 8.06015802e-15
 7.95610769e-15 7.77465567e-15 7.52675276e-15 7.49800503e-15
 7.30291014e-15 7.20957315e-15 7.14592854e-15 7.08912794e-15
 6.94951442e-15 6.84809751e-15 6.71628264e-15 6.59739986e-15
 6.49627565e-15 6.41406266e-15 6.27786570e-15 6.24511785e-15
 6.13851819e-15 6.04951303e-15 6.00471271e-15 5.98704569e-15
 5.82574095e-15 5.75953569e-15 5.73953658e-15 5.69548079e-15
 5.55561685e-15 5.50087180e-15 5.42719890e-15 5.30598517e-15
 5.20103653e-15 5.15872111e-15 5.13073188e-15 5.03076990e-15
 4.90974079e-15 4.89123118e-15 4.79586083e-15 4.78645976e-15
 4.66532615e-15 4.59590136e-15 4.55640765e-15 4.53496855e-15
 4.43157794e-15 4.39286265e-15 4.34429647e-15 4.26136277e-15
 4.21362121e-15 4.18475960e-15 4.12402150e-15 4.09314604e-15
 4.03451535e-15 4.02261235e-15 3.93374303e-15 3.89379628e-15
 3.85014974e-15 3.80903862e-15 3.71190861e-15 3.68513843e-15
 3.66148630e-15 3.62859539e-15 3.51958239e-15 3.42819907e-15
 3.41161528e-15 3.38052438e-15 3.32958362e-15 3.27194081e-15
 3.25764028e-15 3.19468263e-15 3.14758069e-15 3.07834606e-15
 3.01467154e-15 2.99900536e-15 2.96784019e-15 2.91516988e-15
 2.84661857e-15 2.82776877e-15 2.79042508e-15 2.72952928e-15
 2.69540467e-15 2.63421543e-15 2.57199081e-15 2.51525960e-15
 2.49044885e-15 2.45396556e-15 2.41171936e-15 2.39570516e-15
 2.37231808e-15 2.33653684e-15 2.32908942e-15 2.22525502e-15
 2.20993309e-15 2.13252757e-15 2.10221942e-15 2.09421723e-15
 2.03552663e-15 1.98865286e-15 1.93508476e-15 1.89995741e-15
 1.87565183e-15 1.83864206e-15 1.81411957e-15 1.76419903e-15
 1.73840845e-15 1.68744988e-15 1.67186815e-15 1.63933107e-15
 1.56751965e-15 1.52238198e-15 1.48127179e-15 1.46621225e-15
 1.43756261e-15 1.42214141e-15 1.40046579e-15 1.37262836e-15
 1.31761791e-15 1.30276610e-15 1.29041818e-15 1.26267193e-15
 1.23067244e-15 1.21403089e-15 1.18252199e-15 1.14886992e-15
 1.09112802e-15 1.07534730e-15 1.06817447e-15 1.02840179e-15
 9.92389607e-16 9.79780876e-16 9.60906057e-16 9.48037685e-16
 9.07502340e-16 8.67549809e-16 8.26681141e-16 7.97430183e-16
 7.43145041e-16 7.13565919e-16 6.85326597e-16 6.72089673e-16
 6.46123135e-16 6.17322687e-16 6.08409114e-16 5.57934981e-16
 5.40558469e-16 5.25286313e-16 4.96611094e-16 4.71179488e-16
 4.37777408e-16 4.29976683e-16 3.80203341e-16 3.64872325e-16
 3.46329294e-16 3.28610196e-16 3.04655014e-16 2.53584363e-16
 2.13287845e-16 2.06533483e-16 1.90684507e-16 1.75655693e-16
 1.64533394e-16 1.29857255e-16 7.44456039e-17 5.00436929e-17
 2.04872732e-30 1.78557015e-30 1.75197426e-30 1.37423197e-30
 1.34217308e-30 1.17848021e-30 1.11070790e-30 1.03520956e-30
 8.33538625e-31 6.73370906e-31]
error #colloc_points = 15
singv null = 762 #colloc_points = 20
[9.78903723e+00 9.78903723e+00 9.78903723e+00 ... 1.70746589e-32
 1.21060705e-32 8.39191308e-33]
