 # Physical coordinates - master side
   0.0000000000000000        6.0021036608293155E-004
   0.0000000000000000        3.1695143459888162E-003
   0.0000000000000000        7.7677498887138811E-003
   0.0000000000000000        1.4175888360519917E-002
   0.0000000000000000        2.1799890689245364E-002
   0.0000000000000000        2.9610190675861306E-002
   0.0000000000000000        3.6280964813492689E-002
   0.0000000000000000        4.0512257526761797E-002
   0.0000000000000000        4.2621858900330170E-002
   0.0000000000000000        4.7083058200893750E-002
   0.0000000000000000        5.4816281399056331E-002
   0.0000000000000000        6.5179925306663972E-002
   0.0000000000000000        7.7045853743101314E-002
   0.0000000000000000        8.8811659165518850E-002
   0.0000000000000000        9.8617420958587762E-002
   0.0000000000000000       0.10474060899251458     
   0.0000000000000000       0.10776850743457740     
   0.0000000000000000       0.11412160205579870     
   0.0000000000000000       0.12498981290939881     
   0.0000000000000000       0.13930896225280803     
   0.0000000000000000       0.15541681679695726     
   0.0000000000000000       0.17113812765517641     
   0.0000000000000000       0.18407887710368284     
   0.0000000000000000       0.19209396045826735     
   0.0000000000000000       0.19604015596882468     
   0.0000000000000000       0.20428514591070362     
   0.0000000000000000       0.21828834441974126     
   0.0000000000000000       0.23656299919895207     
   0.0000000000000000       0.25691277985081323     
   0.0000000000000000       0.27658959614483397     
   0.0000000000000000       0.29266533324877797     
   0.0000000000000000       0.30257231192402018     
   0.0000000000000000       0.30743729728291475     
   0.0000000000000000       0.31758660992854837     
   0.0000000000000000       0.33478222577197114     
   0.0000000000000000       0.35715040457730740     
   0.0000000000000000       0.38197140464000001     
   0.0000000000000000       0.40589332998877437     
   0.0000000000000000       0.42538554265357992     
   0.0000000000000000       0.43737651849023762     
   0.0000000000000000       0.44325858349654013     
   0.0000000000000000       0.45550432068668628     
   0.0000000000000000       0.47617384176991823     
   0.0000000000000000       0.50292514822033196     
   0.0000000000000000       0.53244666099697557     
   0.0000000000000000       0.56075171399082735     
   0.0000000000000000       0.58371783189544213     
   0.0000000000000000       0.59780523227661242     
   0.0000000000000000       0.60470486971016535     
   0.0000000000000000       0.61904703144482420     
   0.0000000000000000       0.64319045776786521     
   0.0000000000000000       0.67432489186335642     
   0.0000000000000000       0.70854691735395103     
   0.0000000000000000       0.74123509799288034     
   0.0000000000000000       0.76767512113730407     
   0.0000000000000000       0.78385894606298701     
   0.0000000000000000       0.79177615592379069     
   0.0000000000000000       0.80821474220296208     
   0.0000000000000000       0.83583207376581237     
   0.0000000000000000       0.87134963550638089     
   0.0000000000000000       0.91027217371092661     
   0.0000000000000000       0.94734348199493346     
   0.0000000000000000       0.97725741037916636     
   0.0000000000000000       0.99553765984936149     
 # Physical coordinates - slave side
   0.0000000000000000        6.0021036609887420E-004
   0.0000000000000000        3.1695191029745239E-003
   0.0000000000000000        7.7677502319666112E-003
   0.0000000000000000        1.4175888369257322E-002
   0.0000000000000000        2.1799890689353858E-002
   0.0000000000000000        2.9610199407545449E-002
   0.0000000000000000        3.6280966129040193E-002
   0.0000000000000000        4.0512257916688971E-002
   0.0000000000000000        4.2621859111986342E-002
   0.0000000000000000        4.7083058258413420E-002
   0.0000000000000000        5.4816281404852292E-002
   0.0000000000000000        6.5179925306911107E-002
   0.0000000000000000        7.7045853743107212E-002
   0.0000000000000000        8.8811663403087548E-002
   0.0000000000000000        9.8617421790118218E-002
   0.0000000000000000       0.10474060928296708     
   0.0000000000000000       0.10776850760542059     
   0.0000000000000000       0.11412160211057548     
   0.0000000000000000       0.12498981291661508     
   0.0000000000000000       0.13930896225322692     
   0.0000000000000000       0.15541681679697009     
   0.0000000000000000       0.17113813639711040     
   0.0000000000000000       0.18407887874202492     
   0.0000000000000000       0.19209396098909456     
   0.0000000000000000       0.19604015626488858     
   0.0000000000000000       0.20428514599223513     
   0.0000000000000000       0.21828834442679601     
   0.0000000000000000       0.23656299919910151     
   0.0000000000000000       0.25691277985081373     
   0.0000000000000000       0.27658959634379704     
   0.0000000000000000       0.29266533324902838     
   0.0000000000000000       0.30257231241542792     
   0.0000000000000000       0.30743729787758622     
   0.0000000000000000       0.31758660992899740     
   0.0000000000000000       0.33478222620384868     
   0.0000000000000000       0.35715040457731040     
   0.0000000000000000       0.38197140464131502     
   0.0000000000000000       0.40589333007590450     
   0.0000000000000000       0.42538554396825912     
   0.0000000000000000       0.43737652409242800     
   0.0000000000000000       0.44325858349654029     
   0.0000000000000000       0.45550432068668900     
   0.0000000000000000       0.47617384177003774     
   0.0000000000000000       0.50292514822883472     
   0.0000000000000000       0.53244666146919439     
   0.0000000000000000       0.56075171399082779     
   0.0000000000000000       0.58371783189544324     
   0.0000000000000000       0.59780523227661286     
   0.0000000000000000       0.60470486971016557     
   0.0000000000000000       0.61904703751751256     
   0.0000000000000000       0.64319045981080603     
   0.0000000000000000       0.67432489231251291     
   0.0000000000000000       0.70854691742560094     
   0.0000000000000000       0.74123509800297460     
   0.0000000000000000       0.76767512113902336     
   0.0000000000000000       0.78385894606351370     
   0.0000000000000000       0.79177615592407669     
   0.0000000000000000       0.80821474220303668     
   0.0000000000000000       0.83583207376581825     
   0.0000000000000000       0.87134963550638100     
   0.0000000000000000        0.0000000000000000     
   0.0000000000000000        0.0000000000000000     
   0.0000000000000000        0.0000000000000000     
   0.0000000000000000        0.0000000000000000     
