  (2, 76)	0.0
  (3, 76)	0.0
  (4, 76)	0.0
  (5, 76)	0.0
  (6, 76)	0.625
  (7, 76)	0.0
  (10, 76)	0.0
  (11, 76)	0.0
  (12, 76)	0.0
  (13, 76)	0.0
  (14, 76)	0.5208333333333333
  (15, 76)	0.0
  (18, 76)	0.0
  (19, 76)	0.0
  (20, 76)	0.0
  (21, 76)	0.0
  (22, 76)	0.10416666666666667
  (23, 76)	0.0
  (32, 76)	-0.625
  (33, 76)	-0.0
  (34, 76)	-0.0
  (35, 76)	-0.0
  (36, 76)	-0.0
  (37, 76)	-0.0
  (40, 76)	-0.5208333333333333
  :	:
  (23, 81)	0.5208333333333333
  (26, 81)	0.0
  (27, 81)	0.0
  (28, 81)	0.0
  (29, 81)	0.0
  (30, 81)	0.0
  (31, 81)	0.6249999999999998
  (40, 81)	-0.0
  (41, 81)	-0.10416666666666667
  (42, 81)	-0.0
  (43, 81)	-0.0
  (44, 81)	-0.0
  (45, 81)	-0.0
  (48, 81)	-0.0
  (49, 81)	-0.5208333333333333
  (50, 81)	-0.0
  (51, 81)	-0.0
  (52, 81)	-0.0
  (53, 81)	-0.0
  (56, 81)	-0.0
  (57, 81)	-0.6249999999999998
  (58, 81)	-0.0
  (59, 81)	-0.0
  (60, 81)	-0.0
  (61, 81)	-0.0