  (0, 70)	-0.056249999999999994
  (2, 70)	0.0
  (4, 70)	0.0
  (6, 70)	0.009374999999999994
  (8, 70)	-0.009374999999999994
  (10, 70)	-0.009374999999999996
  (12, 70)	0.0
  (14, 70)	0.0
  (16, 70)	0.037500000000000026
  (18, 70)	-0.03750000000000003
  (20, 70)	0.0
  (22, 70)	0.0
  (30, 70)	0.0
  (32, 70)	0.0
  (34, 70)	-0.009375000000000001
  (36, 70)	0.009375000000000001
  (38, 70)	0.009375000000000001
  (40, 70)	0.0
  (42, 70)	0.0
  (44, 70)	0.0
  (46, 70)	-0.0375
  (48, 70)	0.0375
  (50, 70)	0.0375
  (52, 70)	0.0
  (54, 70)	0.0
  :	:
  (13, 75)	0.0
  (15, 75)	0.0
  (17, 75)	0.15937500000000013
  (19, 75)	-0.15937500000000013
  (21, 75)	0.0
  (23, 75)	0.0
  (25, 75)	0.14999999999999997
  (27, 75)	0.14999999999999997
  (29, 75)	-0.14999999999999997
  (39, 75)	0.056250000000000015
  (41, 75)	0.0
  (43, 75)	0.0
  (45, 75)	0.0
  (47, 75)	-0.15937500000000007
  (49, 75)	-0.15937500000000004
  (51, 75)	0.15937500000000004
  (53, 75)	0.0
  (55, 75)	0.0
  (57, 75)	0.0
  (59, 75)	-0.15000000000000002
  (61, 75)	-0.15000000000000002
  (63, 75)	0.15000000000000002
  (65, 75)	0.0
  (67, 75)	0.0
  (69, 75)	0.0