  (0, 16)	0.06312499999999999
  (2, 16)	0.0625
  (4, 16)	0.06249999999999999
  (6, 16)	0.061875
  (1, 17)	0.06312499999999999
  (3, 17)	0.0625
  (5, 17)	0.06249999999999999
  (7, 17)	0.061875
  (0, 18)	0.0625
  (2, 18)	0.06312499999999999
  (4, 18)	0.061875
  (6, 18)	0.06249999999999999
  (1, 19)	0.0625
  (3, 19)	0.06312499999999999
  (5, 19)	0.061875
  (7, 19)	0.06249999999999999
  (0, 20)	0.06249999999999999
  (2, 20)	0.061875
  (4, 20)	0.06312499999999999
  (6, 20)	0.0625
  (1, 21)	0.06249999999999999
  (3, 21)	0.061875
  (5, 21)	0.06312499999999999
  (7, 21)	0.0625
  (0, 22)	0.061875
  (2, 22)	0.06249999999999999
  (4, 22)	0.0625
  (6, 22)	0.06312499999999999
  (1, 23)	0.061875
  (3, 23)	0.06249999999999999
  (5, 23)	0.0625
  (7, 23)	0.06312499999999999