  (12, 462)	-0.0
  (14, 462)	-0.0
  (16, 462)	-0.0
  (18, 462)	-0.10416666666666669
  (32, 462)	-0.0
  (34, 462)	-0.0
  (36, 462)	-0.0
  (38, 462)	-0.08072916666666667
  (52, 462)	-0.0
  (54, 462)	-0.0
  (56, 462)	-0.0
  (58, 462)	-0.021701388888888895
  (72, 462)	-0.0
  (74, 462)	-0.0
  (76, 462)	-0.0
  (78, 462)	-0.0017361111111111114
  (220, 462)	0.10416666666666669
  (222, 462)	0.0
  (224, 462)	0.0
  (226, 462)	0.0
  (242, 462)	0.08072916666666667
  (244, 462)	0.0
  (246, 462)	0.0
  (248, 462)	0.0
  (264, 462)	0.021701388888888895
  :	:
  (179, 481)	-0.021701388888888763
  (193, 481)	-0.0
  (195, 481)	-0.0
  (197, 481)	-0.0
  (199, 481)	-0.08072916666666637
  (213, 481)	-0.0
  (215, 481)	-0.0
  (217, 481)	-0.0
  (219, 481)	-0.10416666666666718
  (375, 481)	0.0017361111111111134
  (377, 481)	0.0
  (379, 481)	0.0
  (381, 481)	0.0
  (397, 481)	0.02170138888888891
  (399, 481)	0.0
  (401, 481)	0.0
  (403, 481)	0.0
  (419, 481)	0.08072916666666663
  (421, 481)	0.0
  (423, 481)	0.0
  (425, 481)	0.0
  (441, 481)	0.10416666666666675
  (443, 481)	0.0
  (445, 481)	0.0
  (447, 481)	0.0