  (21, 5916)	0.001214897135893504
  (22, 5916)	0.0
  (23, 5916)	0.0
  (24, 5916)	0.013363868494828544
  (25, 5916)	0.0
  (26, 5916)	0.0
  (27, 5916)	0.013363868494828542
  (28, 5916)	0.0
  (29, 5916)	0.0
  (30, 5916)	0.0012148971358935039
  (31, 5916)	0.0
  (32, 5916)	0.0
  (33, 5916)	0.0
  (34, 5916)	0.0
  (35, 5916)	0.0
  (123, 5916)	0.0003649156954553393
  (124, 5916)	0.0
  (125, 5916)	0.0
  (126, 5916)	0.004014072650008731
  (127, 5916)	0.0
  (128, 5916)	0.0
  (129, 5916)	0.004014072650008732
  (130, 5916)	0.0
  (131, 5916)	0.0
  (132, 5916)	0.00036491569545533926
  :	:
  (4277, 6054)	0.0
  (4278, 6054)	-0.0
  (4279, 6054)	0.0
  (4280, 6054)	0.0
  (4281, 6054)	-0.0
  (4282, 6054)	0.0
  (4283, 6054)	0.0
  (4470, 6054)	-0.0
  (4471, 6054)	0.0
  (4472, 6054)	0.0
  (4473, 6054)	-0.0
  (4474, 6054)	0.0
  (4475, 6054)	0.0
  (4476, 6054)	-0.0
  (4477, 6054)	0.0
  (4478, 6054)	0.0
  (4479, 6054)	-0.0
  (4480, 6054)	0.0
  (4481, 6054)	0.0
  (4482, 6054)	-0.0
  (4483, 6054)	0.0
  (4484, 6054)	0.0
  (4485, 6054)	-0.0
  (4486, 6054)	0.0
  (4487, 6054)	0.0