  (8, 16)	0.06312499999999999
  (10, 16)	0.0625
  (12, 16)	0.06249999999999999
  (14, 16)	0.061875
  (9, 17)	0.06312499999999999
  (11, 17)	0.0625
  (13, 17)	0.06249999999999999
  (15, 17)	0.061875
  (8, 18)	0.0625
  (10, 18)	0.06312499999999999
  (12, 18)	0.061875
  (14, 18)	0.06249999999999999
  (9, 19)	0.0625
  (11, 19)	0.06312499999999999
  (13, 19)	0.061875
  (15, 19)	0.06249999999999999
  (8, 20)	0.06249999999999999
  (10, 20)	0.061875
  (12, 20)	0.06312499999999999
  (14, 20)	0.0625
  (9, 21)	0.06249999999999999
  (11, 21)	0.061875
  (13, 21)	0.06312499999999999
  (15, 21)	0.0625
  (8, 22)	0.061875
  (10, 22)	0.06249999999999999
  (12, 22)	0.0625
  (14, 22)	0.06312499999999999
  (9, 23)	0.061875
  (11, 23)	0.06249999999999999
  (13, 23)	0.0625
  (15, 23)	0.06312499999999999