  (0, 56)	-0.15000000000000002
  (2, 56)	0.0
  (4, 56)	0.0
  (6, 56)	0.075
  (8, 56)	-0.075
  (10, 56)	-0.075
  (12, 56)	0.0
  (14, 56)	0.0
  (16, 56)	0.07500000000000001
  (18, 56)	-0.07500000000000001
  (20, 56)	0.0
  (22, 56)	0.0
  (24, 56)	0.0
  (26, 56)	0.0
  (28, 56)	-0.07500000000000001
  (30, 56)	0.07500000000000001
  (32, 56)	0.07500000000000001
  (34, 56)	0.0
  (36, 56)	0.0
  (38, 56)	0.0
  (40, 56)	-0.075
  (42, 56)	0.075
  (44, 56)	0.075
  (46, 56)	0.0
  (48, 56)	0.0
  :	:
  (7, 59)	0.0
  (9, 59)	0.0
  (11, 59)	0.22500000000000006
  (13, 59)	-0.22500000000000006
  (15, 59)	0.0
  (17, 59)	0.0
  (19, 59)	0.30000000000000004
  (21, 59)	0.3
  (23, 59)	-0.30000000000000004
  (25, 59)	0.15000000000000002
  (27, 59)	0.0
  (29, 59)	0.0
  (31, 59)	0.0
  (33, 59)	-0.22500000000000003
  (35, 59)	-0.22500000000000003
  (37, 59)	0.22500000000000003
  (39, 59)	0.0
  (41, 59)	0.0
  (43, 59)	0.0
  (45, 59)	-0.30000000000000004
  (47, 59)	-0.30000000000000004
  (49, 59)	0.30000000000000004
  (51, 59)	0.0
  (53, 59)	0.0
  (55, 59)	0.0