  (0, 70)	-0.0
  (2, 70)	-0.0
  (4, 70)	-0.41666666666666696
  (6, 70)	-0.0
  (8, 70)	-0.0
  (10, 70)	-0.3229166666666666
  (12, 70)	-0.0
  (14, 70)	-0.0
  (16, 70)	-0.08333333333333334
  (18, 70)	-0.0
  (20, 70)	-0.0
  (22, 70)	-0.010416666666666664
  (30, 70)	0.41666666666666674
  (32, 70)	0.0
  (34, 70)	0.0
  (36, 70)	0.0
  (38, 70)	0.3229166666666667
  (40, 70)	0.0
  (42, 70)	0.0
  (44, 70)	0.0
  (46, 70)	0.08333333333333337
  (48, 70)	0.0
  (50, 70)	0.0
  (52, 70)	0.0
  (54, 70)	0.010416666666666668
  :	:
  (13, 77)	-0.0
  (15, 77)	-0.0
  (17, 77)	-0.08333333333333329
  (19, 77)	-0.0
  (21, 77)	-0.0
  (23, 77)	-0.3229166666666664
  (25, 77)	-0.0
  (27, 77)	-0.0
  (29, 77)	-0.4166666666666671
  (39, 77)	0.01041666666666667
  (41, 77)	0.0
  (43, 77)	0.0
  (45, 77)	0.0
  (47, 77)	0.08333333333333338
  (49, 77)	0.0
  (51, 77)	0.0
  (53, 77)	0.0
  (55, 77)	0.32291666666666685
  (57, 77)	0.0
  (59, 77)	0.0
  (61, 77)	0.0
  (63, 77)	0.41666666666666663
  (65, 77)	0.0
  (67, 77)	0.0
  (69, 77)	0.0