  (0, 70)	-0.0
  (2, 70)	-0.0
  (4, 70)	-0.41666666666666696
  (6, 70)	-0.0
  (8, 70)	-0.0
  (10, 70)	-0.3229166666666666
  (12, 70)	-0.0
  (14, 70)	-0.0
  (16, 70)	-0.08333333333333334
  (18, 70)	-0.0
  (20, 70)	-0.0
  (22, 70)	-0.010416666666666664
  (30, 70)	0.41666666666666674
  (32, 70)	0.0
  (34, 70)	0.0
  (36, 70)	0.0
  (38, 70)	0.3229166666666667
  (40, 70)	0.0
  (42, 70)	0.0
  (44, 70)	0.0
  (46, 70)	0.08333333333333337
  (48, 70)	0.0
  (50, 70)	0.0
  (52, 70)	0.0
  (54, 70)	0.010416666666666668
  :	:
  (13, 83)	0.0
  (15, 83)	0.0
  (17, 83)	0.15937500000000013
  (19, 83)	-0.15937500000000013
  (21, 83)	0.0
  (23, 83)	0.0
  (25, 83)	0.14999999999999997
  (27, 83)	0.14999999999999997
  (29, 83)	-0.14999999999999997
  (39, 83)	0.056250000000000015
  (41, 83)	0.0
  (43, 83)	0.0
  (45, 83)	0.0
  (47, 83)	-0.15937500000000007
  (49, 83)	-0.15937500000000004
  (51, 83)	0.15937500000000004
  (53, 83)	0.0
  (55, 83)	0.0
  (57, 83)	0.0
  (59, 83)	-0.15000000000000002
  (61, 83)	-0.15000000000000002
  (63, 83)	0.15000000000000002
  (65, 83)	0.0
  (67, 83)	0.0
  (69, 83)	0.0