-1.218212700869867633e-05 -3.095668342627772116e-05
-9.924942314552432786e-06 -3.082391536559306994e-05
-5.824983153443350922e-06 -3.069146820577226339e-05
-3.872386018998364141e-06 -3.066662073468409309e-05
-1.920560186489978146e-06 -3.062718842808298845e-05
1.915954182449540691e-06 -3.063118241180945152e-05
3.869677622308398677e-06 -3.067550244252689496e-05
5.824194828422692681e-06 -3.070522642353353947e-05
9.933605184591634961e-06 -3.085305707928470313e-05
1.220078276059279206e-05 -3.099865194746162327e-05
