2.500000000000000000e+00 -1.500000000000000000e+01
2.500000000000000000e+00 -1.479166666666666607e+01
2.500000000000000000e+00 -1.437500000000000000e+01
2.500000000000000000e+00 -1.375000000000000000e+01
2.500000000000000000e+00 -1.312500000000000000e+01
2.500000000000000000e+00 -1.250000000000000000e+01
2.500000000000000000e+00 -1.187500000000000000e+01
2.500000000000000000e+00 -1.125000000000000000e+01
2.500000000000000000e+00 -1.062500000000000000e+01
2.500000000000000000e+00 -1.000000000000000000e+01
2.500000000000000000e+00 -9.375000000000000000e+00
2.500000000000000000e+00 -8.750000000000000000e+00
2.500000000000000000e+00 -8.125000000000000000e+00
2.500000000000000000e+00 -7.500000000000000000e+00
2.500000000000000000e+00 -6.875000000000000000e+00
2.500000000000000000e+00 -6.250000000000000000e+00
2.500000000000000000e+00 -5.625000000000000000e+00
2.500000000000000000e+00 -5.208333333333333037e+00
2.500000000000000000e+00 -5.000000000000000000e+00
2.395833333333333481e+00 -1.500000000000000000e+01
2.395833333333333481e+00 -1.479166666666666607e+01
2.396039496527777590e+00 -1.437500000000000000e+01
2.396967230902777857e+00 -1.375000000000000000e+01
2.398513454861111338e+00 -1.312500000000000000e+01
2.400678168402777590e+00 -1.250000000000000000e+01
2.403461371527777946e+00 -1.187500000000000000e+01
2.406863064236111072e+00 -1.125000000000000000e+01
2.410883246527777857e+00 -1.062500000000000000e+01
2.415521918402777857e+00 -1.000000000000000000e+01
2.420779079861111072e+00 -9.375000000000000000e+00
2.426654730902777946e+00 -8.750000000000000000e+00
2.433148871527777590e+00 -8.125000000000000000e+00
2.440261501736111338e+00 -7.500000000000000000e+00
2.447992621527777857e+00 -6.875000000000000000e+00
2.456342230902777590e+00 -6.250000000000000000e+00
2.465310329861110983e+00 -5.625000000000000000e+00
2.471701388888889017e+00 -5.208333333333333037e+00
2.475000000000000089e+00 -5.000000000000000000e+00
2.187500000000000000e+00 -1.500000000000000000e+01
2.187500000000000000e+00 -1.479166666666666607e+01
2.188093397352430358e+00 -1.437500000000000000e+01
2.190763685438367858e+00 -1.375000000000000000e+01
2.195214165581597321e+00 -1.312500000000000000e+01
2.201444837782117858e+00 -1.250000000000000000e+01
2.209455702039930358e+00 -1.187500000000000000e+01
2.219246758355034821e+00 -1.125000000000000000e+01
2.230818006727430358e+00 -1.062500000000000000e+01
2.244169447157117858e+00 -1.000000000000000000e+01
2.259301079644097321e+00 -9.375000000000000000e+00
2.276212904188367858e+00 -8.750000000000000000e+00
2.294904920789930358e+00 -8.125000000000000000e+00
2.315377129448784821e+00 -7.500000000000000000e+00
2.337629530164930358e+00 -6.875000000000000000e+00
2.361662122938367858e+00 -6.250000000000000000e+00
2.387474907769097321e+00 -5.625000000000000000e+00
2.405870225694444642e+00 -5.208333333333333037e+00
2.415364583333333481e+00 -5.000000000000000000e+00
1.875000000000000000e+00 -1.500000000000000000e+01
1.875000000000000000e+00 -1.479166666666666607e+01
1.876098971896701384e+00 -1.437500000000000000e+01
1.881044345431857723e+00 -1.375000000000000000e+01
1.889286634657118213e+00 -1.312500000000000000e+01
1.900825839572482634e+00 -1.250000000000000000e+01
1.915661960177951428e+00 -1.187500000000000000e+01
1.933794996473524375e+00 -1.125000000000000000e+01
1.955224948459201473e+00 -1.062500000000000000e+01
1.979951816134982501e+00 -1.000000000000000000e+01
2.007975599500868125e+00 -9.375000000000000000e+00
2.039296298556857678e+00 -8.750000000000000000e+00
2.073913913302951606e+00 -8.125000000000000000e+00
2.111828443739149463e+00 -7.500000000000000000e+00
2.153039889865451251e+00 -6.875000000000000000e+00
2.197548251681857412e+00 -6.250000000000000000e+00
2.245353529188367947e+00 -5.625000000000000000e+00
2.279421657986111072e+00 -5.208333333333333037e+00
2.297005208333333215e+00 -5.000000000000000000e+00
1.562500000000000000e+00 -1.500000000000000000e+01
1.562500000000000000e+00 -1.479166666666666607e+01
1.564029269748263840e+00 -1.437500000000000000e+01
1.570910983615451340e+00 -1.375000000000000000e+01
1.582380506727430580e+00 -1.312500000000000000e+01
1.598437839084201340e+00 -1.250000000000000000e+01
1.619082980685763840e+00 -1.187500000000000000e+01
1.644315931532118080e+00 -1.125000000000000000e+01
1.674136691623263840e+00 -1.062500000000000000e+01
1.708545260959201340e+00 -1.000000000000000000e+01
1.747541639539930358e+00 -9.375000000000000000e+00
1.791125827365451340e+00 -8.750000000000000000e+00
1.839297824435763840e+00 -8.125000000000000000e+00
1.892057630750868080e+00 -7.500000000000000000e+00
1.949405246310763840e+00 -6.875000000000000000e+00
2.011340671115451340e+00 -6.250000000000000000e+00
2.077863905164930358e+00 -5.625000000000000000e+00
2.125271267361111160e+00 -5.208333333333333037e+00
2.149739583333333481e+00 -5.000000000000000000e+00
1.250000000000000000e+00 -1.500000000000000000e+01
1.250000000000000000e+00 -1.479166666666666607e+01
1.251884290907118169e+00 -1.437500000000000000e+01
1.260363599989149153e+00 -1.375000000000000000e+01
1.274495781792534865e+00 -1.312500000000000000e+01
1.294280836317274419e+00 -1.250000000000000000e+01
1.319718763563368036e+00 -1.187500000000000000e+01
1.350809563530815938e+00 -1.125000000000000000e+01
1.387553236219617903e+00 -1.062500000000000000e+01
1.429949781629774153e+00 -1.000000000000000000e+01
1.477999199761284688e+00 -9.375000000000000000e+00
1.531701490614149286e+00 -8.750000000000000000e+00
1.591056654188367947e+00 -8.125000000000000000e+00
1.656064690483940893e+00 -7.500000000000000000e+00
1.726725599500868125e+00 -6.875000000000000000e+00
1.803039381239149197e+00 -6.250000000000000000e+00
1.885006035698784776e+00 -5.625000000000000000e+00
1.943419053819444464e+00 -5.208333333333333037e+00
1.973567708333333393e+00 -5.000000000000000000e+00
9.374999999999997780e-01 -1.500000000000000000e+01
9.374999999999997780e-01 -1.479166666666666607e+01
9.396640353732639284e-01 -1.437500000000000000e+01
9.494021945529511619e-01 -1.375000000000000000e+01
9.656324598524306246e-01 -1.312500000000000000e+01
9.883548312717014284e-01 -1.250000000000000000e+01
1.017569308810764017e+00 -1.187500000000000000e+01
1.053275892469617947e+00 -1.125000000000000000e+01
1.095474582248263662e+00 -1.062500000000000000e+01
1.144165378146701162e+00 -1.000000000000000000e+01
1.199348280164930447e+00 -9.375000000000000000e+00
1.261023288302951295e+00 -8.750000000000000000e+00
1.329190402560763706e+00 -8.125000000000000000e+00
1.403849622938368125e+00 -7.500000000000000000e+00
1.485000949435763662e+00 -6.875000000000000000e+00
1.572644382052951206e+00 -6.250000000000000000e+00
1.666779920789930536e+00 -5.625000000000000000e+00
1.733865017361111205e+00 -5.208333333333333037e+00
1.768489583333333393e+00 -5.000000000000000000e+00
6.250000000000000000e-01 -1.500000000000000000e+01
6.250000000000000000e-01 -1.479166666666666607e+01
6.273685031467013395e-01 -1.437500000000000000e+01
6.380267673068575895e-01 -1.375000000000000000e+01
6.557905409071183023e-01 -1.312500000000000000e+01
6.806598239474825895e-01 -1.250000000000000000e+01
7.126346164279513395e-01 -1.187500000000000000e+01
7.517149183485245523e-01 -1.125000000000000000e+01
7.979007297092013395e-01 -1.062500000000000000e+01
8.511920505099825895e-01 -1.000000000000000000e+01
9.115888807508678582e-01 -9.375000000000000000e+00
9.790912204318575895e-01 -8.750000000000000000e+00
1.053699069552951340e+00 -8.125000000000000000e+00
1.135412428114149330e+00 -7.500000000000000000e+00
1.224231296115451340e+00 -6.875000000000000000e+00
1.320155673556857590e+00 -6.250000000000000000e+00
1.423185560438368080e+00 -5.625000000000000000e+00
1.496609157986111160e+00 -5.208333333333333037e+00
1.534505208333333481e+00 -5.000000000000000000e+00
3.125000000000000000e-01 -1.500000000000000000e+01
3.125000000000000000e-01 -1.479166666666666607e+01
3.149976942274306246e-01 -1.437500000000000000e+01
3.262373182508682135e-01 -1.375000000000000000e+01
3.449700249565967880e-01 -1.312500000000000000e+01
3.711958143446181246e-01 -1.250000000000000000e+01
4.049146864149304470e-01 -1.187500000000000000e+01
4.461266411675346433e-01 -1.125000000000000000e+01
4.948316786024307135e-01 -1.062500000000000000e+01
5.510297987196182135e-01 -1.000000000000000000e+01
6.147210015190971433e-01 -9.375000000000000000e+00
6.859052870008679470e-01 -8.750000000000000000e+00
7.645826551649304026e-01 -8.125000000000000000e+00
8.507531060112847321e-01 -7.500000000000000000e+00
9.444166395399307135e-01 -6.875000000000000000e+00
1.045573255750867903e+00 -6.250000000000000000e+00
1.154222954644097410e+00 -5.625000000000000000e+00
1.231651475694444553e+00 -5.208333333333333037e+00
1.271614583333333437e+00 -5.000000000000000000e+00
1.041666666666665186e-01 -1.500000000000000000e+01
1.041666666666665186e-01 -1.479166666666666607e+01
1.067003038194447306e-01 -1.437500000000000000e+01
1.181016710069444642e-01 -1.375000000000000000e+01
1.371039496527779455e-01 -1.312500000000000000e+01
1.637071397569447306e-01 -1.250000000000000000e+01
1.979112413194443754e-01 -1.187500000000000000e+01
2.397162543402777679e-01 -1.125000000000000000e+01
2.891221788194444642e-01 -1.062500000000000000e+01
3.461290147569444642e-01 -1.000000000000000000e+01
4.107367621527777679e-01 -9.375000000000000000e+00
4.829454210069443754e-01 -8.750000000000000000e+00
5.627549913194442865e-01 -8.125000000000000000e+00
6.501654730902779455e-01 -7.500000000000000000e+00
7.451768663194444642e-01 -6.875000000000000000e+00
8.477891710069445086e-01 -6.250000000000000000e+00
9.580023871527778567e-01 -5.625000000000000000e+00
1.036545138888889106e+00 -5.208333333333333037e+00
1.077083333333333393e+00 -5.000000000000000000e+00
-1.041666666666665186e-01 -1.500000000000000000e+01
-1.041666666666665186e-01 -1.479166666666666607e+01
-1.016221788194444642e-01 -1.437500000000000000e+01
-9.017198350694410891e-02 -1.375000000000000000e+01
-7.108832465277759027e-02 -1.312500000000000000e+01
-4.437120225694446418e-02 -1.250000000000000000e+01
-1.002061631944428655e-02 -1.187500000000000000e+01
3.196343315972249854e-02 -1.125000000000000000e+01
8.158094618055589109e-02 -1.062500000000000000e+01
1.388319227430558911e-01 -1.000000000000000000e+01
2.037163628472224985e-01 -9.375000000000000000e+00
2.762342664930557135e-01 -8.750000000000000000e+00
3.563856336805555358e-01 -8.125000000000000000e+00
4.441704644097224097e-01 -7.500000000000000000e+00
5.395887586805558911e-01 -6.875000000000000000e+00
6.426405164930555358e-01 -6.250000000000000000e+00
7.533257378472226762e-01 -5.625000000000000000e+00
8.322048611111112493e-01 -5.208333333333333037e+00
8.729166666666667851e-01 -5.000000000000000000e+00
-3.125000000000000000e-01 -1.500000000000000000e+01
-3.125000000000000000e-01 -1.479166666666666607e+01
-3.099724663628471433e-01 -1.437500000000000000e+01
-2.985985649956597321e-01 -1.375000000000000000e+01
-2.796420627170137507e-01 -1.312500000000000000e+01
-2.531029595269096433e-01 -1.250000000000000000e+01
-2.189812554253474097e-01 -1.187500000000000000e+01
-1.772769504123266060e-01 -1.125000000000000000e+01
-1.279900444878472321e-01 -1.062500000000000000e+01
-7.112053765190928800e-02 -1.000000000000000000e+01
-6.668429904513661910e-03 -9.375000000000000000e+00
6.536627875434053436e-02 -8.750000000000000000e+00
1.449835883246528567e-01 -8.125000000000000000e+00
2.321834988064237493e-01 -7.500000000000000000e+00
3.269660101996532120e-01 -6.875000000000000000e+00
4.293311225043403567e-01 -6.250000000000000000e+00
5.392788357204865157e-01 -5.625000000000000000e+00
6.176323784722224097e-01 -5.208333333333333037e+00
6.580729166666667851e-01 -5.000000000000000000e+00
-6.250000000000000000e-01 -1.500000000000000000e+01
-6.250000000000000000e-01 -1.479166666666666607e+01
-6.225813123914929470e-01 -1.437500000000000000e+01
-6.116972181532114305e-01 -1.375000000000000000e+01
-5.935570610894096433e-01 -1.312500000000000000e+01
-5.681608412000866970e-01 -1.250000000000000000e+01
-5.355085584852430358e-01 -1.187500000000000000e+01
-4.956002129448782156e-01 -1.125000000000000000e+01
-4.484358045789926805e-01 -1.062500000000000000e+01
-3.940153333875864305e-01 -1.000000000000000000e+01
-3.323387993706594656e-01 -9.375000000000000000e+00
-2.634062025282117858e-01 -8.750000000000000000e+00
-1.872175428602429470e-01 -8.125000000000000000e+00
-1.037728203667533933e-01 -7.500000000000000000e+00
-1.307203504774268055e-02 -6.875000000000000000e+00
8.488481309678830300e-02 -6.250000000000000000e+00
1.900977240668404455e-01 -5.625000000000000000e+00
2.650770399305559799e-01 -5.208333333333333037e+00
3.037760416666666075e-01 -5.000000000000000000e+00
-9.375000000000000000e-01 -1.500000000000000000e+01
-9.375000000000000000e-01 -1.479166666666666607e+01
-9.352735731336805358e-01 -1.437500000000000000e+01
-9.252546522352425029e-01 -1.375000000000000000e+01
-9.085564507378469656e-01 -1.312500000000000000e+01
-8.851789686414930358e-01 -1.250000000000000000e+01
-8.551222059461807135e-01 -1.187500000000000000e+01
-8.183861626519095545e-01 -1.125000000000000000e+01
-7.749708387586800029e-01 -1.062500000000000000e+01
-7.248762342664925029e-01 -1.000000000000000000e+01
-6.681023491753466104e-01 -9.375000000000000000e+00
-6.046491834852432135e-01 -8.750000000000000000e+00
-5.345167371961805358e-01 -8.125000000000000000e+00
-4.577050103081594656e-01 -7.500000000000000000e+00
-3.742140028211800029e-01 -6.875000000000000000e+00
-2.840437147352430358e-01 -6.250000000000000000e+00
-1.871941460503467880e-01 -5.625000000000000000e+00
-1.181749131944442865e-01 -5.208333333333333037e+00
-8.255208333333285964e-02 -5.000000000000000000e+00
-1.249999999999999556e+00 -1.500000000000000000e+01
-1.249999999999999556e+00 -1.479166666666666607e+01
-1.248049248589409466e+00 -1.437500000000000000e+01
-1.239270867241753393e+00 -1.375000000000000000e+01
-1.224640231662326162e+00 -1.312500000000000000e+01
-1.204157341851128216e+00 -1.250000000000000000e+01
-1.177822197808159554e+00 -1.187500000000000000e+01
-1.145634799533420178e+00 -1.125000000000000000e+01
-1.107595147026909643e+00 -1.062500000000000000e+01
-1.063703240288628393e+00 -1.000000000000000000e+01
-1.013959079318576428e+00 -9.375000000000000000e+00
-9.583626641167533045e-01 -8.750000000000000000e+00
-8.969139946831594656e-01 -8.125000000000000000e+00
-8.296130710177953560e-01 -7.500000000000000000e+00
-7.564598931206596433e-01 -6.875000000000000000e+00
-6.774544609917532156e-01 -6.250000000000000000e+00
-5.925967746310760731e-01 -5.625000000000000000e+00
-5.321234809027775015e-01 -5.208333333333333037e+00
-5.009114583333333925e-01 -5.000000000000000000e+00
-1.562500000000000000e+00 -1.500000000000000000e+01
-1.562500000000000000e+00 -1.479166666666666607e+01
-1.560908338758680181e+00 -1.437500000000000000e+01
-1.553745863172743213e+00 -1.375000000000000000e+01
-1.541808403862846788e+00 -1.312500000000000000e+01
-1.525095960828992681e+00 -1.250000000000000000e+01
-1.503608534071180003e+00 -1.187500000000000000e+01
-1.477346123589409643e+00 -1.125000000000000000e+01
-1.446308729383680269e+00 -1.062500000000000000e+01
-1.410496351453992769e+00 -1.000000000000000000e+01
-1.369908989800346699e+00 -9.375000000000000000e+00
-1.324546644422742503e+00 -8.750000000000000000e+00
-1.274409315321180181e+00 -8.125000000000000000e+00
-1.219497002495659732e+00 -7.500000000000000000e+00
-1.159809705946180269e+00 -6.875000000000000000e+00
-1.095347425672742681e+00 -6.250000000000000000e+00
-1.026110161675346966e+00 -5.625000000000000000e+00
-9.767686631944445530e-01 -5.208333333333333037e+00
-9.513020833333332149e-01 -5.000000000000000000e+00
-1.875000000000000000e+00 -1.500000000000000000e+01
-1.875000000000000000e+00 -1.479166666666666607e+01
-1.873850843641493569e+00 -1.437500000000000000e+01
-1.868679640028211963e+00 -1.375000000000000000e+01
-1.860060967339409288e+00 -1.312500000000000000e+01
-1.847994825575087319e+00 -1.250000000000000000e+01
-1.832481214735242503e+00 -1.187500000000000000e+01
-1.813520134819878393e+00 -1.125000000000000000e+01
-1.791111585828993213e+00 -1.062500000000000000e+01
-1.765255567762586963e+00 -1.000000000000000000e+01
-1.735952080620659643e+00 -9.375000000000000000e+00
-1.703201124403211253e+00 -8.750000000000000000e+00
-1.667002699110243569e+00 -8.125000000000000000e+00
-1.627356804741753038e+00 -7.500000000000000000e+00
-1.584263441297743213e+00 -6.875000000000000000e+00
-1.537722608778212319e+00 -6.250000000000000000e+00
-1.487734307183159910e+00 -5.625000000000000000e+00
-1.452110460069444109e+00 -5.208333333333333037e+00
-1.433723958333333215e+00 -5.000000000000000000e+00
-2.187500000000000000e+00 -1.500000000000000000e+01
-2.187500000000000000e+00 -1.479166666666666607e+01
-2.186876763237846966e+00 -1.437500000000000000e+01
-2.184072197808159643e+00 -1.375000000000000000e+01
-2.179397922092013218e+00 -1.312500000000000000e+01
-2.172853936089409466e+00 -1.250000000000000000e+01
-2.164440239800347499e+00 -1.187500000000000000e+01
-2.154156833224826428e+00 -1.125000000000000000e+01
-2.142003716362847143e+00 -1.062500000000000000e+01
-2.127980889214409643e+00 -1.000000000000000000e+01
-2.112088351779513928e+00 -9.375000000000000000e+00
-2.094326104058159999e+00 -8.750000000000000000e+00
-2.074694146050346966e+00 -8.125000000000000000e+00
-2.053192477756076606e+00 -7.500000000000000000e+00
-2.029821099175347143e+00 -6.875000000000000000e+00
-2.004580010308159466e+00 -6.250000000000000000e+00
-1.977469211154513573e+00 -5.625000000000000000e+00
-1.958148871527777501e+00 -5.208333333333333037e+00
-1.948177083333333393e+00 -5.000000000000000000e+00
-2.395833333333333037e+00 -1.500000000000000000e+01
-2.395833333333333037e+00 -1.479166666666666607e+01
-2.395616319444444642e+00 -1.437500000000000000e+01
-2.394639756944444642e+00 -1.375000000000000000e+01
-2.393012152777777679e+00 -1.312500000000000000e+01
-2.390733506944444642e+00 -1.250000000000000000e+01
-2.387803819444444642e+00 -1.187500000000000000e+01
-2.384223090277777679e+00 -1.125000000000000000e+01
-2.379991319444444642e+00 -1.062500000000000000e+01
-2.375108506944444642e+00 -1.000000000000000000e+01
-2.369574652777777679e+00 -9.375000000000000000e+00
-2.363389756944444642e+00 -8.750000000000000000e+00
-2.356553819444444642e+00 -8.125000000000000000e+00
-2.349066840277777679e+00 -7.500000000000000000e+00
-2.340928819444444642e+00 -6.875000000000000000e+00
-2.332139756944444642e+00 -6.250000000000000000e+00
-2.322699652777777679e+00 -5.625000000000000000e+00
-2.315972222222222321e+00 -5.208333333333333037e+00
-2.312500000000000000e+00 -5.000000000000000000e+00
-2.500000000000000000e+00 -1.500000000000000000e+01
-2.500000000000000000e+00 -1.479166666666666607e+01
-2.500000000000000000e+00 -1.437500000000000000e+01
-2.500000000000000000e+00 -1.375000000000000000e+01
-2.500000000000000000e+00 -1.312500000000000000e+01
-2.500000000000000000e+00 -1.250000000000000000e+01
-2.500000000000000000e+00 -1.187500000000000000e+01
-2.500000000000000000e+00 -1.125000000000000000e+01
-2.500000000000000000e+00 -1.062500000000000000e+01
-2.500000000000000000e+00 -1.000000000000000000e+01
-2.500000000000000000e+00 -9.375000000000000000e+00
-2.500000000000000000e+00 -8.750000000000000000e+00
-2.500000000000000000e+00 -8.125000000000000000e+00
-2.500000000000000000e+00 -7.500000000000000000e+00
-2.500000000000000000e+00 -6.875000000000000000e+00
-2.500000000000000000e+00 -6.250000000000000000e+00
-2.500000000000000000e+00 -5.625000000000000000e+00
-2.500000000000000000e+00 -5.208333333333333037e+00
-2.500000000000000000e+00 -5.000000000000000000e+00
2.500000000000000000e+00 -5.000000000000000000e+00
2.500000000000000000e+00 -4.791666666666666963e+00
2.500000000000000000e+00 -4.375000000000000000e+00
2.500000000000000000e+00 -3.750000000000000000e+00
2.500000000000000000e+00 -3.125000000000000000e+00
2.500000000000000000e+00 -2.500000000000000000e+00
2.500000000000000000e+00 -1.875000000000000000e+00
2.500000000000000000e+00 -1.250000000000000000e+00
2.500000000000000000e+00 -6.250000000000000000e-01
2.500000000000000000e+00 0.000000000000000000e+00
2.500000000000000000e+00 6.250000000000000000e-01
2.500000000000000000e+00 1.250000000000000000e+00
2.500000000000000000e+00 1.875000000000000000e+00
2.500000000000000000e+00 2.500000000000000000e+00
2.500000000000000000e+00 3.125000000000000000e+00
2.500000000000000000e+00 3.750000000000000000e+00
2.500000000000000000e+00 4.375000000000000000e+00
2.500000000000000000e+00 4.791666666666666075e+00
2.500000000000000000e+00 5.000000000000000000e+00
2.475000000000000089e+00 -5.000000000000000000e+00
2.471701388888889017e+00 -4.791666666666666963e+00
2.465310329861110983e+00 -4.375000000000000000e+00
2.456342230902777590e+00 -3.750000000000000000e+00
2.447992621527777857e+00 -3.125000000000000000e+00
2.440261501736110894e+00 -2.500000000000000000e+00
2.433148871527777590e+00 -1.875000000000000000e+00
2.426654730902777946e+00 -1.250000000000000000e+00
2.420779079861111072e+00 -6.250000000000000000e-01
2.415521918402777857e+00 0.000000000000000000e+00
2.410883246527777857e+00 6.250000000000000000e-01
2.406863064236111072e+00 1.250000000000000000e+00
2.403461371527777946e+00 1.875000000000000000e+00
2.400678168402777590e+00 2.500000000000000000e+00
2.398513454861110894e+00 3.125000000000000000e+00
2.396967230902777857e+00 3.750000000000000000e+00
2.396039496527777590e+00 4.375000000000000000e+00
2.395833333333333481e+00 4.791666666666666075e+00
2.395833333333333481e+00 5.000000000000000000e+00
2.415364583333333481e+00 -5.000000000000000000e+00
2.405870225694444642e+00 -4.791666666666666963e+00
2.387474907769097321e+00 -4.375000000000000000e+00
2.361662122938367858e+00 -3.750000000000000000e+00
2.337629530164930358e+00 -3.125000000000000444e+00
2.315377129448784821e+00 -2.500000000000000000e+00
2.294904920789930358e+00 -1.875000000000000000e+00
2.276212904188367858e+00 -1.250000000000000000e+00
2.259301079644097321e+00 -6.250000000000000000e-01
2.244169447157117858e+00 0.000000000000000000e+00
2.230818006727430358e+00 6.250000000000000000e-01
2.219246758355034821e+00 1.250000000000000000e+00
2.209455702039930358e+00 1.875000000000000000e+00
2.201444837782117858e+00 2.500000000000000000e+00
2.195214165581597321e+00 3.125000000000000000e+00
2.190763685438367858e+00 3.750000000000000000e+00
2.188093397352430358e+00 4.375000000000000000e+00
2.187500000000000000e+00 4.791666666666666075e+00
2.187500000000000000e+00 5.000000000000000000e+00
2.297005208333333215e+00 -5.000000000000000000e+00
2.279421657986111072e+00 -4.791666666666666963e+00
2.245353529188367947e+00 -4.375000000000000000e+00
2.197548251681857856e+00 -3.750000000000000000e+00
2.153039889865451251e+00 -3.125000000000000000e+00
2.111828443739149463e+00 -2.500000000000000000e+00
2.073913913302951606e+00 -1.875000000000000000e+00
2.039296298556857678e+00 -1.250000000000000000e+00
2.007975599500868125e+00 -6.250000000000000000e-01
1.979951816134982723e+00 0.000000000000000000e+00
1.955224948459201473e+00 6.250000000000000000e-01
1.933794996473524375e+00 1.250000000000000000e+00
1.915661960177951428e+00 1.875000000000000000e+00
1.900825839572482634e+00 2.500000000000000000e+00
1.889286634657118213e+00 3.125000000000000000e+00
1.881044345431857501e+00 3.750000000000000000e+00
1.876098971896701384e+00 4.375000000000000000e+00
1.875000000000000000e+00 4.791666666666666075e+00
1.875000000000000000e+00 5.000000000000000000e+00
2.149739583333333481e+00 -5.000000000000000000e+00
2.125271267361111160e+00 -4.791666666666666963e+00
2.077863905164930358e+00 -4.375000000000000000e+00
2.011340671115451340e+00 -3.750000000000000000e+00
1.949405246310763840e+00 -3.125000000000000444e+00
1.892057630750867858e+00 -2.500000000000000000e+00
1.839297824435763840e+00 -1.875000000000000000e+00
1.791125827365451340e+00 -1.250000000000000000e+00
1.747541639539930358e+00 -6.250000000000000000e-01
1.708545260959201340e+00 0.000000000000000000e+00
1.674136691623263840e+00 6.250000000000000000e-01
1.644315931532118080e+00 1.250000000000000000e+00
1.619082980685763840e+00 1.875000000000000000e+00
1.598437839084201340e+00 2.500000000000000000e+00
1.582380506727430358e+00 3.125000000000000000e+00
1.570910983615451340e+00 3.750000000000000000e+00
1.564029269748263840e+00 4.375000000000000000e+00
1.562500000000000000e+00 4.791666666666666075e+00
1.562500000000000000e+00 5.000000000000000000e+00
1.973567708333333393e+00 -5.000000000000000000e+00
1.943419053819444464e+00 -4.791666666666666963e+00
1.885006035698784776e+00 -4.375000000000000000e+00
1.803039381239149419e+00 -3.750000000000000000e+00
1.726725599500868125e+00 -3.125000000000000000e+00
1.656064690483940893e+00 -2.500000000000000000e+00
1.591056654188367947e+00 -1.875000000000000000e+00
1.531701490614149286e+00 -1.250000000000000000e+00
1.477999199761284688e+00 -6.250000000000000000e-01
1.429949781629774153e+00 0.000000000000000000e+00
1.387553236219617903e+00 6.250000000000000000e-01
1.350809563530815938e+00 1.250000000000000000e+00
1.319718763563368036e+00 1.875000000000000000e+00
1.294280836317274197e+00 2.500000000000000000e+00
1.274495781792534643e+00 3.125000000000000000e+00
1.260363599989149153e+00 3.750000000000000000e+00
1.251884290907117947e+00 4.375000000000000000e+00
1.250000000000000000e+00 4.791666666666666075e+00
1.250000000000000000e+00 5.000000000000000000e+00
1.768489583333333393e+00 -5.000000000000000000e+00
1.733865017361111205e+00 -4.791666666666666963e+00
1.666779920789930536e+00 -4.375000000000000000e+00
1.572644382052951428e+00 -3.750000000000000000e+00
1.485000949435763884e+00 -3.125000000000000444e+00
1.403849622938368125e+00 -2.500000000000000000e+00
1.329190402560763928e+00 -1.875000000000000000e+00
1.261023288302951295e+00 -1.250000000000000000e+00
1.199348280164930447e+00 -6.250000000000000000e-01
1.144165378146701384e+00 0.000000000000000000e+00
1.095474582248263662e+00 6.250000000000000000e-01
1.053275892469617947e+00 1.250000000000000000e+00
1.017569308810764017e+00 1.875000000000000000e+00
9.883548312717014284e-01 2.500000000000000000e+00
9.656324598524306246e-01 3.125000000000000000e+00
9.494021945529511619e-01 3.750000000000000000e+00
9.396640353732639284e-01 4.375000000000000000e+00
9.374999999999997780e-01 4.791666666666666075e+00
9.374999999999997780e-01 5.000000000000000000e+00
1.534505208333333481e+00 -5.000000000000000000e+00
1.496609157986111160e+00 -4.791666666666666963e+00
1.423185560438368080e+00 -4.375000000000000000e+00
1.320155673556857590e+00 -3.750000000000000000e+00
1.224231296115451340e+00 -3.125000000000000000e+00
1.135412428114149552e+00 -2.500000000000000000e+00
1.053699069552951340e+00 -1.875000000000000000e+00
9.790912204318575895e-01 -1.250000000000000000e+00
9.115888807508678582e-01 -6.250000000000000000e-01
8.511920505099825895e-01 0.000000000000000000e+00
7.979007297092013395e-01 6.250000000000000000e-01
7.517149183485245523e-01 1.250000000000000000e+00
7.126346164279513395e-01 1.875000000000000000e+00
6.806598239474825895e-01 2.500000000000000000e+00
6.557905409071178582e-01 3.125000000000000000e+00
6.380267673068575895e-01 3.750000000000000000e+00
6.273685031467013395e-01 4.375000000000000000e+00
6.250000000000000000e-01 4.791666666666666075e+00
6.250000000000000000e-01 5.000000000000000000e+00
1.271614583333333437e+00 -5.000000000000000000e+00
1.231651475694444553e+00 -4.791666666666666963e+00
1.154222954644097410e+00 -4.375000000000000000e+00
1.045573255750868125e+00 -3.750000000000000000e+00
9.444166395399307135e-01 -3.125000000000000444e+00
8.507531060112849541e-01 -2.500000000000000000e+00
7.645826551649306246e-01 -1.875000000000000000e+00
6.859052870008679470e-01 -1.250000000000000000e+00
6.147210015190971433e-01 -6.250000000000000000e-01
5.510297987196182135e-01 0.000000000000000000e+00
4.948316786024307135e-01 6.250000000000000000e-01
4.461266411675346433e-01 1.250000000000000000e+00
4.049146864149304470e-01 1.875000000000000000e+00
3.711958143446181246e-01 2.500000000000000000e+00
3.449700249565967880e-01 3.125000000000000000e+00
3.262373182508682135e-01 3.750000000000000000e+00
3.149976942274306246e-01 4.375000000000000000e+00
3.125000000000000000e-01 4.791666666666666075e+00
3.125000000000000000e-01 5.000000000000000000e+00
1.077083333333333393e+00 -5.000000000000000000e+00
1.036545138888889106e+00 -4.791666666666666963e+00
9.580023871527778567e-01 -4.375000000000000000e+00
8.477891710069447306e-01 -3.750000000000000000e+00
7.451768663194444642e-01 -3.125000000000000444e+00
6.501654730902779455e-01 -2.500000000000000000e+00
5.627549913194447306e-01 -1.875000000000000000e+00
4.829454210069443754e-01 -1.250000000000000000e+00
4.107367621527777679e-01 -6.250000000000000000e-01
3.461290147569444642e-01 0.000000000000000000e+00
2.891221788194444642e-01 6.250000000000000000e-01
2.397162543402777679e-01 1.250000000000000000e+00
1.979112413194443754e-01 1.875000000000000000e+00
1.637071397569447306e-01 2.500000000000000000e+00
1.371039496527775015e-01 3.125000000000000000e+00
1.181016710069444642e-01 3.750000000000000000e+00
1.067003038194447306e-01 4.375000000000000000e+00
1.041666666666665186e-01 4.791666666666666075e+00
1.041666666666665186e-01 5.000000000000000000e+00
8.729166666666667851e-01 -5.000000000000000000e+00
8.322048611111112493e-01 -4.791666666666666963e+00
7.533257378472226762e-01 -4.375000000000000000e+00
6.426405164930557579e-01 -3.750000000000000000e+00
5.395887586805558911e-01 -3.125000000000000444e+00
4.441704644097224097e-01 -2.500000000000000000e+00
3.563856336805555358e-01 -1.875000000000000000e+00
2.762342664930557135e-01 -1.250000000000000000e+00
2.037163628472224985e-01 -6.250000000000000000e-01
1.388319227430558911e-01 0.000000000000000000e+00
8.158094618055589109e-02 6.250000000000000000e-01
3.196343315972249854e-02 1.250000000000000000e+00
-1.002061631944428655e-02 1.875000000000000000e+00
-4.437120225694446418e-02 2.500000000000000000e+00
-7.108832465277803436e-02 3.125000000000000000e+00
-9.017198350694455300e-02 3.750000000000000000e+00
-1.016221788194444642e-01 4.375000000000000000e+00
-1.041666666666665186e-01 4.791666666666666075e+00
-1.041666666666665186e-01 5.000000000000000000e+00
6.580729166666667851e-01 -5.000000000000000000e+00
6.176323784722224097e-01 -4.791666666666666963e+00
5.392788357204865157e-01 -4.375000000000000000e+00
4.293311225043403567e-01 -3.750000000000000000e+00
3.269660101996532120e-01 -3.125000000000000444e+00
2.321834988064237493e-01 -2.500000000000000000e+00
1.449835883246528567e-01 -1.875000000000000000e+00
6.536627875434053436e-02 -1.250000000000000000e+00
-6.668429904513661910e-03 -6.250000000000000000e-01
-7.112053765190928800e-02 0.000000000000000000e+00
-1.279900444878472321e-01 6.250000000000000000e-01
-1.772769504123266060e-01 1.250000000000000000e+00
-2.189812554253474097e-01 1.875000000000000000e+00
-2.531029595269096433e-01 2.500000000000000000e+00
-2.796420627170137507e-01 3.125000000000000000e+00
-2.985985649956597321e-01 3.750000000000000000e+00
-3.099724663628471433e-01 4.375000000000000000e+00
-3.125000000000000000e-01 4.791666666666666075e+00
-3.125000000000000000e-01 5.000000000000000000e+00
3.037760416666666075e-01 -5.000000000000000000e+00
2.650770399305559799e-01 -4.791666666666666963e+00
1.900977240668404455e-01 -4.375000000000000000e+00
8.488481309678874709e-02 -3.750000000000000000e+00
-1.307203504774268055e-02 -3.125000000000000000e+00
-1.037728203667533933e-01 -2.500000000000000000e+00
-1.872175428602429470e-01 -1.875000000000000000e+00
-2.634062025282117858e-01 -1.250000000000000000e+00
-3.323387993706594656e-01 -6.250000000000000000e-01
-3.940153333875864305e-01 0.000000000000000000e+00
-4.484358045789926805e-01 6.250000000000000000e-01
-4.956002129448782156e-01 1.250000000000000000e+00
-5.355085584852430358e-01 1.875000000000000000e+00
-5.681608412000866970e-01 2.500000000000000000e+00
-5.935570610894096433e-01 3.125000000000000000e+00
-6.116972181532118746e-01 3.750000000000000000e+00
-6.225813123914929470e-01 4.375000000000000000e+00
-6.250000000000000000e-01 4.791666666666666075e+00
-6.250000000000000000e-01 5.000000000000000000e+00
-8.255208333333285964e-02 -5.000000000000000000e+00
-1.181749131944442865e-01 -4.791666666666666963e+00
-1.871941460503467880e-01 -4.375000000000000000e+00
-2.840437147352425917e-01 -3.750000000000000000e+00
-3.742140028211800029e-01 -3.125000000000000000e+00
-4.577050103081594656e-01 -2.500000000000000000e+00
-5.345167371961805358e-01 -1.875000000000000000e+00
-6.046491834852432135e-01 -1.250000000000000000e+00
-6.681023491753466104e-01 -6.250000000000000000e-01
-7.248762342664925029e-01 0.000000000000000000e+00
-7.749708387586800029e-01 6.250000000000000000e-01
-8.183861626519095545e-01 1.250000000000000000e+00
-8.551222059461807135e-01 1.875000000000000000e+00
-8.851789686414930358e-01 2.500000000000000000e+00
-9.085564507378469656e-01 3.125000000000000000e+00
-9.252546522352433911e-01 3.750000000000000000e+00
-9.352735731336805358e-01 4.375000000000000000e+00
-9.375000000000000000e-01 4.791666666666666075e+00
-9.375000000000000000e-01 5.000000000000000000e+00
-5.009114583333333925e-01 -5.000000000000000000e+00
-5.321234809027775015e-01 -4.791666666666666963e+00
-5.925967746310760731e-01 -4.375000000000000000e+00
-6.774544609917532156e-01 -3.750000000000000000e+00
-7.564598931206596433e-01 -3.125000000000000000e+00
-8.296130710177949119e-01 -2.500000000000000000e+00
-8.969139946831594656e-01 -1.875000000000000000e+00
-9.583626641167533045e-01 -1.250000000000000000e+00
-1.013959079318576428e+00 -6.250000000000000000e-01
-1.063703240288628393e+00 0.000000000000000000e+00
-1.107595147026909643e+00 6.250000000000000000e-01
-1.145634799533420178e+00 1.250000000000000000e+00
-1.177822197808159554e+00 1.875000000000000000e+00
-1.204157341851128216e+00 2.500000000000000000e+00
-1.224640231662326162e+00 3.125000000000000000e+00
-1.239270867241753393e+00 3.750000000000000000e+00
-1.248049248589409466e+00 4.375000000000000000e+00
-1.249999999999999556e+00 4.791666666666666075e+00
-1.249999999999999556e+00 5.000000000000000000e+00
-9.513020833333332149e-01 -5.000000000000000000e+00
-9.767686631944445530e-01 -4.791666666666666963e+00
-1.026110161675346966e+00 -4.375000000000000000e+00
-1.095347425672742681e+00 -3.750000000000000000e+00
-1.159809705946180269e+00 -3.125000000000000000e+00
-1.219497002495659288e+00 -2.500000000000000000e+00
-1.274409315321180181e+00 -1.875000000000000000e+00
-1.324546644422742503e+00 -1.250000000000000000e+00
-1.369908989800346699e+00 -6.250000000000000000e-01
-1.410496351453992769e+00 0.000000000000000000e+00
-1.446308729383680269e+00 6.250000000000000000e-01
-1.477346123589409643e+00 1.250000000000000000e+00
-1.503608534071180003e+00 1.875000000000000000e+00
-1.525095960828992681e+00 2.500000000000000000e+00
-1.541808403862846788e+00 3.125000000000000000e+00
-1.553745863172743213e+00 3.750000000000000000e+00
-1.560908338758680181e+00 4.375000000000000000e+00
-1.562500000000000000e+00 4.791666666666666075e+00
-1.562500000000000000e+00 5.000000000000000000e+00
-1.433723958333333215e+00 -5.000000000000000000e+00
-1.452110460069444109e+00 -4.791666666666666963e+00
-1.487734307183159910e+00 -4.375000000000000000e+00
-1.537722608778212319e+00 -3.750000000000000000e+00
-1.584263441297743213e+00 -3.125000000000000444e+00
-1.627356804741753038e+00 -2.500000000000000000e+00
-1.667002699110243569e+00 -1.875000000000000000e+00
-1.703201124403211253e+00 -1.250000000000000000e+00
-1.735952080620659643e+00 -6.250000000000000000e-01
-1.765255567762586963e+00 0.000000000000000000e+00
-1.791111585828993213e+00 6.250000000000000000e-01
-1.813520134819878393e+00 1.250000000000000000e+00
-1.832481214735242503e+00 1.875000000000000000e+00
-1.847994825575087319e+00 2.500000000000000000e+00
-1.860060967339409288e+00 3.125000000000000000e+00
-1.868679640028211963e+00 3.750000000000000000e+00
-1.873850843641493569e+00 4.375000000000000000e+00
-1.875000000000000000e+00 4.791666666666666075e+00
-1.875000000000000000e+00 5.000000000000000000e+00
-1.948177083333333393e+00 -5.000000000000000000e+00
-1.958148871527777501e+00 -4.791666666666666963e+00
-1.977469211154513573e+00 -4.375000000000000000e+00
-2.004580010308159466e+00 -3.750000000000000000e+00
-2.029821099175347143e+00 -3.125000000000000444e+00
-2.053192477756076606e+00 -2.500000000000000000e+00
-2.074694146050346966e+00 -1.875000000000000000e+00
-2.094326104058159999e+00 -1.250000000000000000e+00
-2.112088351779513928e+00 -6.250000000000000000e-01
-2.127980889214409643e+00 0.000000000000000000e+00
-2.142003716362847143e+00 6.250000000000000000e-01
-2.154156833224826428e+00 1.250000000000000000e+00
-2.164440239800347499e+00 1.875000000000000000e+00
-2.172853936089409466e+00 2.500000000000000000e+00
-2.179397922092013218e+00 3.125000000000000000e+00
-2.184072197808159643e+00 3.750000000000000000e+00
-2.186876763237846966e+00 4.375000000000000000e+00
-2.187500000000000000e+00 4.791666666666666075e+00
-2.187500000000000000e+00 5.000000000000000000e+00
-2.312500000000000000e+00 -5.000000000000000000e+00
-2.315972222222222321e+00 -4.791666666666666963e+00
-2.322699652777777679e+00 -4.375000000000000000e+00
-2.332139756944444642e+00 -3.750000000000000000e+00
-2.340928819444444642e+00 -3.125000000000000000e+00
-2.349066840277777679e+00 -2.500000000000000000e+00
-2.356553819444444642e+00 -1.875000000000000000e+00
-2.363389756944444642e+00 -1.250000000000000000e+00
-2.369574652777777679e+00 -6.250000000000000000e-01
-2.375108506944444642e+00 0.000000000000000000e+00
-2.379991319444444642e+00 6.250000000000000000e-01
-2.384223090277777679e+00 1.250000000000000000e+00
-2.387803819444444642e+00 1.875000000000000000e+00
-2.390733506944444642e+00 2.500000000000000000e+00
-2.393012152777777679e+00 3.125000000000000000e+00
-2.394639756944444642e+00 3.750000000000000000e+00
-2.395616319444444642e+00 4.375000000000000000e+00
-2.395833333333333037e+00 4.791666666666666075e+00
-2.395833333333333037e+00 5.000000000000000000e+00
-2.500000000000000000e+00 -5.000000000000000000e+00
-2.500000000000000000e+00 -4.791666666666666963e+00
-2.500000000000000000e+00 -4.375000000000000000e+00
-2.500000000000000000e+00 -3.750000000000000000e+00
-2.500000000000000000e+00 -3.125000000000000000e+00
-2.500000000000000000e+00 -2.500000000000000000e+00
-2.500000000000000000e+00 -1.875000000000000000e+00
-2.500000000000000000e+00 -1.250000000000000000e+00
-2.500000000000000000e+00 -6.250000000000000000e-01
-2.500000000000000000e+00 0.000000000000000000e+00
-2.500000000000000000e+00 6.250000000000000000e-01
-2.500000000000000000e+00 1.250000000000000000e+00
-2.500000000000000000e+00 1.875000000000000000e+00
-2.500000000000000000e+00 2.500000000000000000e+00
-2.500000000000000000e+00 3.125000000000000000e+00
-2.500000000000000000e+00 3.750000000000000000e+00
-2.500000000000000000e+00 4.375000000000000000e+00
-2.500000000000000000e+00 4.791666666666666075e+00
-2.500000000000000000e+00 5.000000000000000000e+00
0.000000000000000000e+00 0.000000000000000000e+00
0.000000000000000000e+00 0.000000000000000000e+00
0.000000000000000000e+00 0.000000000000000000e+00
0.000000000000000000e+00 0.000000000000000000e+00
0.000000000000000000e+00 0.000000000000000000e+00
0.000000000000000000e+00 0.000000000000000000e+00
0.000000000000000000e+00 0.000000000000000000e+00
0.000000000000000000e+00 0.000000000000000000e+00
0.000000000000000000e+00 0.000000000000000000e+00
0.000000000000000000e+00 0.000000000000000000e+00
0.000000000000000000e+00 0.000000000000000000e+00
0.000000000000000000e+00 0.000000000000000000e+00
0.000000000000000000e+00 0.000000000000000000e+00
0.000000000000000000e+00 0.000000000000000000e+00
0.000000000000000000e+00 0.000000000000000000e+00
0.000000000000000000e+00 0.000000000000000000e+00
0.000000000000000000e+00 0.000000000000000000e+00
0.000000000000000000e+00 0.000000000000000000e+00
0.000000000000000000e+00 0.000000000000000000e+00
