0.000000000000000000e+00
0.000000000000000000e+00
-2.334029147966680982e-06
-9.011721614989747937e-07
-6.012917579696084885e-06
-5.563291363133082286e-06
-9.030866111504390123e-06
-1.376691015119575306e-05
-1.127314185364363725e-05
-2.452206785380608355e-05
-1.205415897256170605e-05
-3.092930152572544389e-05
0.000000000000000000e+00
0.000000000000000000e+00
-1.459502106681990883e-06
-4.537265937993240842e-07
-4.430455232474836080e-06
-5.360592329094721569e-06
-6.618295200745742388e-06
-1.354681449972963907e-05
-8.324173430976941789e-06
-2.440033344086536967e-05
-8.875041810436484961e-06
-3.079306677029991610e-05
0.000000000000000000e+00
0.000000000000000000e+00
-4.654685352997009871e-07
-1.377335183132007881e-07
-1.423624707712012680e-06
-5.091690551022000855e-06
-2.183258566274054720e-06
-1.335861598351967965e-05
-2.724461560453805339e-06
-2.427273651518846158e-05
-2.924473542378266775e-06
-3.062066274567946402e-05
0.000000000000000000e+00
0.000000000000000000e+00
4.654378601296475877e-07
-1.376283616727060022e-07
1.423591432285176787e-06
-5.091888148442762864e-06
2.183411273565014439e-06
-1.335767417407019166e-05
2.717129173989820305e-06
-2.427217502653954064e-05
2.920120497710534781e-06
-3.063068961990811102e-05
0.000000000000000000e+00
0.000000000000000000e+00
1.459674935270207324e-06
-4.534916520190485833e-07
4.430200052516906232e-06
-5.360887055973217080e-06
6.619187196779841014e-06
-1.354567815144135224e-05
8.326897852001468008e-06
-2.439679208694834679e-05
8.879062771106105263e-06
-3.082041357600986438e-05
0.000000000000000000e+00
0.000000000000000000e+00
2.333866981549301059e-06
-9.010552072793629810e-07
6.013356548713910099e-06
-5.563382884253932137e-06
9.029616667481973942e-06
-1.376628586277253850e-05
1.128282786128557287e-05
-2.451890659107611764e-05
1.207236808268499710e-05
-3.095872022161301143e-05
-1.218212700869867633e-05
-3.095668342627772116e-05
-1.483704469009073640e-05
-4.476130832360112759e-05
-1.612794103636929830e-05
-7.736195051915019882e-05
-1.591083092900101565e-05
-9.343275583712109091e-05
-9.924942314552432786e-06
-3.082391536559306994e-05
-1.225098876450830320e-05
-4.468374423375463296e-05
-1.336922482065701516e-05
-7.736162163736377037e-05
-1.325319979034878688e-05
-9.343770363658268152e-05
-5.824983153443350922e-06
-3.069146820577226339e-05
-7.247179586237660612e-06
-4.455251948617999417e-05
-7.980840681767667201e-06
-7.738289583178001199e-05
-7.913019294855642389e-06
-9.343395086117501963e-05
-3.872386018998364141e-06
-3.066662073468409309e-05
-4.822304221662175988e-06
-4.452720078931270310e-05
-5.303999900760561487e-06
-7.739696691533729596e-05
-5.259074268684058315e-06
-9.344075895854776889e-05
-1.920560186489978146e-06
-3.062718842808298845e-05
-2.396388388300625819e-06
-4.449040455344887581e-05
-2.628136299595917691e-06
-7.739792018448426493e-05
-2.604546953362559083e-06
-9.343515231790265087e-05
1.915954182449540691e-06
-3.063118241180945152e-05
2.410351824173606159e-06
-4.450812813690991113e-05
2.705463525288401493e-06
-7.741047678028480073e-05
2.701398169205646588e-06
-9.344914346951506922e-05
3.869677622308398677e-06
-3.067550244252689496e-05
4.838380965176760958e-06
-4.456238462886029426e-05
5.380406502483868688e-06
-7.742205145196660735e-05
5.356133700247908875e-06
-9.346884038665302858e-05
5.824194828422692681e-06
-3.070522642353353947e-05
7.265372832172199737e-06
-4.460518211082792724e-05
8.056349963263426749e-06
-7.742049555143774896e-05
8.010258481184589488e-06
-9.347612279929553702e-05
9.933605184591634961e-06
-3.085305707928470313e-05
1.227611908929657268e-05
-4.476934230782115816e-05
1.344078647318725662e-05
-7.742441275943677385e-05
1.335218463859012976e-05
-9.350856289068860917e-05
1.220078276059279206e-05
-3.099865194746162327e-05
1.486422312108902003e-05
-4.486053835395679219e-05
1.619681946174678306e-05
-7.743853126372096250e-05
1.601212080941998855e-05
-9.351793962444393180e-05
0.000000000000000000e+00
0.000000000000000000e+00
0.000000000000000000e+00
0.000000000000000000e+00
0.000000000000000000e+00
0.000000000000000000e+00
0.000000000000000000e+00
0.000000000000000000e+00
0.000000000000000000e+00
0.000000000000000000e+00
0.000000000000000000e+00
0.000000000000000000e+00
0.000000000000000000e+00
0.000000000000000000e+00
0.000000000000000000e+00
0.000000000000000000e+00
0.000000000000000000e+00
0.000000000000000000e+00
0.000000000000000000e+00
0.000000000000000000e+00
0.000000000000000000e+00
0.000000000000000000e+00
0.000000000000000000e+00
0.000000000000000000e+00
0.000000000000000000e+00
0.000000000000000000e+00
0.000000000000000000e+00
0.000000000000000000e+00
0.000000000000000000e+00
0.000000000000000000e+00
0.000000000000000000e+00
0.000000000000000000e+00
0.000000000000000000e+00
0.000000000000000000e+00
0.000000000000000000e+00
0.000000000000000000e+00
0.000000000000000000e+00
0.000000000000000000e+00
0.000000000000000000e+00
0.000000000000000000e+00
0.000000000000000000e+00
0.000000000000000000e+00
