0.000000000000000000e+00
0.000000000000000000e+00
2.083333333334558613e-07
1.024050211629295796e-20
6.119791666669963559e-07
1.250449354409322303e-19
1.178385416667242422e-06
4.011871660899764794e-19
1.705729166667475681e-06
8.380658871318264694e-19
2.194010416667598934e-06
1.324617975042331008e-18
2.643229166667827964e-06
1.943652939045409392e-18
3.053385416667724432e-06
2.605405217505401981e-18
3.424479166668191273e-06
3.209332455698073327e-18
3.645833333333809329e-06
4.258691895904887400e-18
3.749999999999709563e-06
1.619040678109572238e-18
0.000000000000000000e+00
0.000000000000000000e+00
2.083333333334350032e-07
1.063566739189225385e-20
6.119791666669528396e-07
1.241805253953339784e-19
1.178385416667192024e-06
4.023331785237538320e-19
1.705729166667379119e-06
8.360894249096128578e-19
2.194010416667541336e-06
1.328258142536471448e-18
2.643229166667658134e-06
1.936632747116004996e-18
3.053385416667731208e-06
2.619421384054689015e-18
3.424479166667813073e-06
3.179173072228437753e-18
3.645833333334058356e-06
4.330311687733867559e-18
3.750000000000989006e-06
1.416342186456552186e-18
0.000000000000000000e+00
0.000000000000000000e+00
2.083333333334090098e-07
1.508412447839584906e-20
6.119791666668823241e-07
1.208987011278725186e-19
1.178385416667085721e-06
4.039724291748084858e-19
1.705729166667217124e-06
8.378719354294764477e-19
2.194010416667394799e-06
1.315826932629398672e-18
2.643229166667390048e-06
1.975864692686321552e-18
3.053385416667641846e-06
2.514054493106593906e-18
3.424479166667294265e-06
3.460780501170892986e-18
3.645833333335086654e-06
3.571516251471264094e-18
3.750000000001810628e-06
3.522739364819637140e-18
0.000000000000000000e+00
0.000000000000000000e+00
2.083333333333791254e-07
2.104815542570497299e-20
6.119791666668057735e-07
1.173194284348781312e-19
1.178385416666922244e-06
4.101534542611120581e-19
1.705729166667031624e-06
8.290751898711969181e-19
2.194010416667098761e-06
1.327280633877196096e-18
2.643229166667178290e-06
1.966496346864449911e-18
3.053385416667184872e-06
2.509875352269157049e-18
3.424479166667254455e-06
3.452324634425458230e-18
3.645833333334013040e-06
3.187327187761442387e-18
3.750000000000784871e-06
5.984782897754019895e-18
0.000000000000000000e+00
0.000000000000000000e+00
2.083333333333533704e-07
2.239852574421890777e-20
6.119791666667310229e-07
1.198262699101123602e-19
1.178385416666779095e-06
4.103103727295075963e-19
1.705729166666839983e-06
8.259987837038378805e-19
2.194010416666845922e-06
1.338284816243197608e-18
2.643229166666929262e-06
1.937530789245331127e-18
3.053385416666825730e-06
2.584061206201428761e-18
3.424479166667017709e-06
3.263258773318141636e-18
3.645833333332891992e-06
3.655221760818990218e-18
3.749999999999478323e-06
3.970568674841947215e-18
0.000000000000000000e+00
0.000000000000000000e+00
2.083333333333298387e-07
2.302169102883373540e-20
6.119791666666588133e-07
1.201078085172479463e-19
1.178385416666645899e-06
4.116895267532381364e-19
1.705729166666640083e-06
8.218065200963600544e-19
2.194010416666625693e-06
1.349632437161805336e-18
2.643229166666624331e-06
1.909058434196221145e-18
3.053385416666606348e-06
2.653496857654009460e-18
3.424479166666612404e-06
3.118270215555185604e-18
3.645833333333243087e-06
4.089849605089963721e-18
3.749999999999846359e-06
1.998161649346985766e-18
0.000000000000000000e+00
0.000000000000000000e+00
2.083333333333072865e-07
2.259971681652573947e-20
6.119791666665817333e-07
1.193924582968743300e-19
1.178385416666518633e-06
4.109961389061260622e-19
1.705729166666433830e-06
8.245173090815071350e-19
2.194010416666417323e-06
1.340383262104589783e-18
2.643229166666306693e-06
1.932795686865342834e-18
3.053385416666403060e-06
2.593709015481514050e-18
3.424479166666179993e-06
3.241985964816745525e-18
3.645833333333663216e-06
3.710269173714962800e-18
3.750000000000495609e-06
3.878959938369101056e-18
0.000000000000000000e+00
0.000000000000000000e+00
2.083333333332811873e-07
2.057922899368685995e-20
6.119791666665110060e-07
1.181297044311554933e-19
1.178385416666371249e-06
4.091343492543580886e-19
1.705729166666247906e-06
8.303945700700816019e-19
2.194010416666156861e-06
1.322600141639348060e-18
2.643229166666064442e-06
1.975265573768648995e-18
3.053385416666036295e-06
2.492133591520891447e-18
3.424479166665960188e-06
3.491490057154808126e-18
3.645833333332515486e-06
3.119859634009111362e-18
3.749999999999035324e-06
6.136961683985988949e-18
0.000000000000000000e+00
0.000000000000000000e+00
2.083333333332509852e-07
1.570434517863249050e-20
6.119791666664304320e-07
1.193187962740750783e-19
1.178385416666212430e-06
4.060887954224029736e-19
1.705729166666057112e-06
8.336921043100162107e-19
2.194010416665866752e-06
1.320515370762120800e-18
2.643229166665849295e-06
1.966338013744758063e-18
3.053385416665583979e-06
2.532725944439743008e-18
3.424479166665906825e-06
3.417293848467230845e-18
3.645833333331441448e-06
3.669432127848960965e-18
3.749999999998037943e-06
3.383015741343818927e-18
0.000000000000000000e+00
0.000000000000000000e+00
2.083333333332255213e-07
1.061420068027143937e-20
6.119791666663611871e-07
1.241622533386511684e-19
1.178385416666103163e-06
4.021611021774708555e-19
1.705729166665898717e-06
8.364604137486121485e-19
2.194010416665714286e-06
1.322452300600041688e-18
2.643229166665582480e-06
1.947860376320678862e-18
3.053385416665491653e-06
2.597315653248419455e-18
3.424479166665390559e-06
3.225600992465896000e-18
3.645833333332462970e-06
4.261333711876607999e-18
3.749999999998895988e-06
1.559775045270123346e-18
0.000000000000000000e+00
0.000000000000000000e+00
2.083333333332015132e-07
1.094960636087790354e-20
6.119791666663223295e-07
1.235508706826769718e-19
1.178385416666049800e-06
4.029802778463568663e-19
1.705729166665807238e-06
8.349625127696201301e-19
2.194010416665650335e-06
1.325362330015929457e-18
2.643229166665418156e-06
1.942491523713187869e-18
3.053385416665494617e-06
2.607514509763364766e-18
3.424479166665008547e-06
3.202115035751241404e-18
3.645833333332724703e-06
4.289834332142136176e-18
3.750000000000114444e-06
1.584096647205456708e-18
3.749999999999864146e-06
6.446587497845728700e-18
3.854166666667188666e-06
3.959313602585939376e-18
4.049479166668025200e-06
5.123951805711192064e-18
4.303385416667465977e-06
5.661164057040986129e-18
4.518229166667514821e-06
6.270812669990098654e-18
4.694010416667240844e-06
6.815614799898091054e-18
4.830729166667051467e-06
7.184013231092946735e-18
4.928385416666793378e-06
7.398877377745802984e-18
4.986979166666685112e-06
7.419510111675199793e-18
5.000000000000028361e-06
7.487716194128136752e-18
5.000000000000028361e-06
7.528233644063442078e-18
3.750000000001012723e-06
6.674605020208966801e-18
3.854166666667404659e-06
3.863810447771409649e-18
4.049479166667644882e-06
5.166888926806222497e-18
4.303385416667481224e-06
5.641376464822813874e-18
4.518229166667357273e-06
6.280974125322174617e-18
4.694010416667194257e-06
6.810272625542757448e-18
4.830729166666989634e-06
7.186491374304087962e-18
4.928385416666785755e-06
7.398156197706555257e-18
4.986979166666674100e-06
7.419453757432160891e-18
5.000000000000013962e-06
7.488560486474356154e-18
5.000000000000008879e-06
7.527697791123432574e-18
3.750000000001953776e-06
4.502185829992963517e-18
3.854166666668298279e-06
4.677813639759494665e-18
4.049479166667086687e-06
4.863730433960790804e-18
4.303385416667413461e-06
5.754684125115441914e-18
4.518229166667108246e-06
6.237327357032258690e-18
4.694010416667088378e-06
6.824807712971770205e-18
4.830729166666863426e-06
7.183663632177497933e-18
4.928385416666747638e-06
7.396446252441345331e-18
4.986979166666640219e-06
7.424612857939477988e-18
4.999999999999966528e-06
7.480676823146559652e-18
4.999999999999972457e-06
7.532916055019969039e-18
3.750000000000175854e-06
2.038469503274067653e-18
3.854166666666938791e-06
5.160334688616381578e-18
4.049479166667007066e-06
4.803831147813053331e-18
4.303385416666960298e-06
5.765989469008012085e-18
4.518229166666938839e-06
6.236918772265196152e-18
4.694010416666832574e-06
6.819542038768351273e-18
4.830729166666748229e-06
7.198256135626651750e-18
4.928385416666618042e-06
7.409091843036317586e-18
4.986979166666547045e-06
7.412575043343531047e-18
4.999999999999892836e-06
7.464502661108557469e-18
4.999999999999882671e-06
7.523115725406011032e-18
3.749999999998784179e-06
4.451574041406429773e-18
3.854166666665766498e-06
4.530904132770158206e-18
4.049479166666789379e-06
5.007422871070828882e-18
4.303385416666619791e-06
5.652325126937164877e-18
4.518229166666716916e-06
6.277131697616902423e-18
4.694010416666625898e-06
6.801532052057484411e-18
4.830729166666608469e-06
7.234338176893089357e-18
4.928385416666479129e-06
7.441403130881007885e-18
4.986979166666460648e-06
7.393300817338289878e-18
4.999999999999770863e-06
7.414411566710383924e-18
4.999999999999788651e-06
7.485547916072865293e-18
3.749999999999819677e-06
6.522124575677899266e-18
3.854166666666445818e-06
4.106402762577209785e-18
4.049479166666463271e-06
5.110806266167471044e-18
4.303385416666436832e-06
5.586262391855776389e-18
4.518229166666444172e-06
6.298100105554558425e-18
4.694010416666443786e-06
6.795049443472089673e-18
4.830729166666458544e-06
7.271708094659025677e-18
4.928385416666359697e-06
7.538217086908483774e-18
4.986979166666314111e-06
7.304978431797766773e-18
4.999999999999740370e-06
7.379987471032984378e-18
4.999999999999694630e-06
7.386481362983611152e-18
3.750000000000774707e-06
4.486852486661964142e-18
3.854166666667172572e-06
4.510308399797383552e-18
4.049479166666089730e-06
5.017425519223219692e-18
4.303385416666272508e-06
5.639509559449071561e-18
4.518229166666153639e-06
6.288587951825107573e-18
4.694010416666238804e-06
6.786564579381131710e-18
4.830729166666349277e-06
7.318819753287684806e-18
4.928385416666202996e-06
7.717325266456276493e-18
4.986979166666250584e-06
7.158529554146466064e-18
4.999999999999656514e-06
7.275441724527206675e-18
4.999999999999709030e-06
7.306470548747943272e-18
3.749999999999394043e-06
1.927583383299751069e-18
3.854166666665950304e-06
5.176617276371094971e-18
4.049479166665900841e-06
4.798010540212021791e-18
4.303385416665902354e-06
5.745201279141738091e-18
4.518229166665961363e-06
6.260628233108093037e-18
4.694010416665950813e-06
6.802880593690270762e-18
4.830729166666264573e-06
7.257691187420825667e-18
4.928385416666108975e-06
8.216022717340515367e-18
4.986979166666075248e-06
6.626369439470994620e-18
4.999999999999856413e-06
7.320267102929247599e-18
4.999999999999650584e-06
7.204588347528153426e-18
3.749999999997621203e-06
4.589198878900106533e-18
3.854166666664600133e-06
4.596259230885477537e-18
4.049479166665807668e-06
4.939555080271521230e-18
4.303385416665418698e-06
5.665188449319581777e-18
4.518229166665830920e-06
6.308865729687073355e-18
4.694010416665573883e-06
6.838857892208940002e-18
4.830729166666176482e-06
6.962217406292477774e-18
4.928385416665993779e-06
9.269658013179227740e-18
4.986979166666220090e-06
5.550048698513437849e-18
4.999999999999587057e-06
7.264878664589866208e-18
4.999999999999803050e-06
7.522565643266036092e-18
3.749999999998530493e-06
6.579002958288836622e-18
3.854166666665444625e-06
3.833396706117647315e-18
4.049479166665301989e-06
5.226966753602162738e-18
4.303385416665334842e-06
5.582037695813580160e-18
4.518229166665514977e-06
6.227390223854726230e-18
4.694010416665646728e-06
7.206898348853667882e-18
4.830729166665534431e-06
6.005375544916155339e-18
4.928385416666422378e-06
1.126158024353245709e-17
4.986979166666262442e-06
3.137988936462431520e-18
4.999999999999778486e-06
8.399513097602439958e-18
4.999999999998701908e-06
7.377448869090271979e-18
3.749999999999721421e-06
6.510317059054941763e-18
3.854166666665776662e-06
3.891773765141003012e-18
4.049479166664659091e-06
5.117249908952262253e-18
4.303385416665698219e-06
5.741202613358918667e-18
4.518229166664822951e-06
5.950889024591760762e-18
4.694010416666384493e-06
7.715983061767641152e-18
4.830729166664450229e-06
5.067575028214652373e-18
4.928385416666908575e-06
1.289476967891826360e-17
4.986979166667206037e-06
1.000500026043704673e-18
4.999999999997961601e-06
9.929086630501421563e-18
5.000000000000163886e-06
6.699508461036123173e-18
0.000000000000000000e+00
0.000000000000000000e+00
0.000000000000000000e+00
0.000000000000000000e+00
0.000000000000000000e+00
0.000000000000000000e+00
0.000000000000000000e+00
0.000000000000000000e+00
0.000000000000000000e+00
0.000000000000000000e+00
0.000000000000000000e+00
0.000000000000000000e+00
0.000000000000000000e+00
0.000000000000000000e+00
0.000000000000000000e+00
0.000000000000000000e+00
0.000000000000000000e+00
0.000000000000000000e+00
0.000000000000000000e+00
0.000000000000000000e+00
