0.000000000000000000e+00
0.000000000000000000e+00
2.083333333332389150e-07
5.363657339436692482e-19
6.119791666665435109e-07
-1.182842313513557443e-18
1.178385416666390519e-06
1.332512504198164145e-18
1.705729166666216566e-06
-2.937708064506235626e-18
2.194010416666437652e-06
3.935551336707770804e-18
2.643229166665545211e-06
-9.234740863063176856e-18
3.053385416667357243e-06
1.456497784358301176e-17
3.424479166662600432e-06
-3.515083189047809176e-17
3.645833333336972997e-06
5.569046915994909751e-17
3.750000000005452446e-06
-9.132619885658165688e-17
0.000000000000000000e+00
0.000000000000000000e+00
2.083333333334986630e-07
-6.931445959282394172e-19
6.119791666661731458e-07
1.362035094254892658e-18
1.178385416666833941e-06
-2.155805038730621419e-18
1.705729166665734605e-06
3.022205524702445082e-18
2.194010416667116972e-06
-7.046738428390530516e-18
2.643229166664901465e-06
1.159468079649739094e-17
3.053385416667921367e-06
-2.643889534451281951e-17
3.424479166663156509e-06
5.643063376625098695e-17
3.645833333333481104e-06
-1.153134417198489481e-16
3.750000000003960821e-06
2.103541889846946898e-16
0.000000000000000000e+00
0.000000000000000000e+00
2.083333333328470564e-07
5.672996292956223122e-19
6.119791666674569301e-07
-1.341792965814755241e-18
1.178385416665276035e-06
1.668107411363338708e-18
1.705729166668322925e-06
-3.735229024957578864e-18
2.194010416663040626e-06
5.824905910792645859e-18
2.643229166671938615e-06
-1.360582144761856657e-17
3.053385416656315745e-06
2.463277916989282533e-17
3.424479166685001912e-06
-6.071977661912279089e-17
3.645833333307051982e-06
1.133789206064373411e-16
3.749999999977322482e-06
-2.355270288607986654e-16
0.000000000000000000e+00
0.000000000000000000e+00
2.083333333338178356e-07
-3.535496455981509352e-19
6.119791666655406239e-07
7.152668386367045489e-19
1.178385416667990988e-06
-1.314358657414230740e-18
1.705729166664108937e-06
1.636829545703755549e-18
2.194010416670561432e-06
-4.547337920992577047e-18
2.643229166659287331e-06
6.863304805222568992e-18
3.053385416678947618e-06
-1.705957151575705801e-17
3.424479166642610455e-06
3.468420758394128772e-17
3.645833333371103342e-06
-7.445903695514912523e-17
3.750000000035919798e-06
1.542786319874489805e-16
0.000000000000000000e+00
0.000000000000000000e+00
2.083333333327672765e-07
1.491883600847100426e-19
6.119791666678151191e-07
-4.195223373643972540e-19
1.178385416664988891e-06
3.406540788543572304e-19
1.705729166669259109e-06
-1.363890993747748160e-18
2.194010416661960659e-06
1.272980986924061305e-18
2.643229166674548324e-06
-4.711569697284036596e-18
3.053385416652640892e-06
6.578616733872173765e-18
3.424479166693089807e-06
-1.962675228530648519e-17
3.645833333287863721e-06
3.447952566466956598e-17
3.749999999950142889e-06
-8.384007172878587314e-17
0.000000000000000000e+00
0.000000000000000000e+00
2.083333333339064035e-07
5.880952476475361966e-21
6.119791666654445916e-07
-9.853380651174236761e-20
1.178385416668374482e-06
-1.274034978464908755e-19
1.705729166663845086e-06
-5.123827518407733243e-19
2.194010416671632082e-06
-4.062299490972931675e-19
2.643229166658020593e-06
-1.351383390244540950e-18
3.053385416682155332e-06
-4.534397624476792554e-19
3.424479166637078482e-06
-3.056823141147320458e-18
3.645833333384905744e-06
3.645341611337684343e-19
3.750000000051132086e-06
-3.827072030224436783e-18
0.000000000000000000e+00
0.000000000000000000e+00
2.083333333328037254e-07
-1.717054445774209977e-19
6.119791666678622354e-07
3.149079983466915543e-19
1.178385416665137757e-06
-7.392676001238858217e-19
1.705729166669445879e-06
6.101195992253376052e-19
2.194010416662109737e-06
-2.615527862734183723e-18
2.643229166675130659e-06
3.037424369808550251e-18
3.053385416651996300e-06
-9.469631639636903705e-18
3.424479166695904073e-06
1.756335382154279614e-17
3.645833333284296865e-06
-4.013985350842838758e-17
3.749999999956018333e-06
8.204967902949310391e-17
0.000000000000000000e+00
0.000000000000000000e+00
2.083333333338478523e-07
3.153262755679113072e-19
6.119791666657235830e-07
-7.758058132485786345e-19
1.178385416668191946e-06
8.545610997095527803e-19
1.705729166664604663e-06
-2.289083422037710645e-18
2.194010416670787590e-06
3.040657592690863114e-18
2.643229166660295724e-06
-8.305065077227449567e-18
3.053385416678560524e-06
1.393523774212988996e-17
3.424479166645309949e-06
-3.687933242959111143e-17
3.645833333368652029e-06
7.018610474208997471e-17
3.750000000037294956e-06
-1.578228962788052213e-16
0.000000000000000000e+00
0.000000000000000000e+00
2.083333333329336391e-07
-5.881002331440356462e-19
6.119791666676370305e-07
1.245045558024642172e-18
1.178385416665759903e-06
-2.071781308929145999e-18
1.705729166668747712e-06
2.985465255288478480e-18
2.194010416664071889e-06
-7.159252870449964894e-18
2.643229166672049153e-06
1.186157241530984270e-17
3.053385416658702260e-06
-2.722183543778183615e-17
3.424479166682566269e-06
5.745342341140381727e-17
3.645833333313130713e-06
-1.159042274632783997e-16
3.749999999974784771e-06
2.303089323067321194e-16
0.000000000000000000e+00
0.000000000000000000e+00
2.083333333336036156e-07
6.966359080794544913e-19
6.119791666664417611e-07
-1.496139849483450715e-18
1.178385416667380700e-06
1.789896291020860582e-18
1.705729166666392114e-06
-3.809063404601585600e-18
2.194010416668135106e-06
5.726541205971833043e-18
2.643229166665567233e-06
-1.326318491295146250e-17
3.053385416669824226e-06
2.351727725811048810e-17
3.424479166662356910e-06
-5.863090344038734254e-17
3.645833333337447335e-06
1.103632481404143195e-16
3.750000000003180704e-06
-2.128625733545216460e-16
0.000000000000000000e+00
0.000000000000000000e+00
2.083333333333509087e-07
-5.379819896593134792e-19
6.119791666668830653e-07
1.059139387077178936e-18
1.178385416666941302e-06
-1.712292022807803975e-18
1.705729166667035224e-06
2.173294981249205339e-18
2.194010416667401576e-06
-5.293796654893077242e-18
2.643229166666526075e-06
7.630619850509124662e-18
3.053385416669089425e-06
-1.759706230482453453e-17
3.424479166662229432e-06
3.315638351482781612e-17
3.645833333341042567e-06
-6.091168131724101780e-17
3.750000000003303523e-06
8.905124509973656937e-17
3.750000000004417372e-06
8.894944300565397071e-17
3.854166666670377745e-06
-6.141869884610018939e-17
4.049479166663064975e-06
3.197097098449136195e-17
4.303385416667337228e-06
-1.890876611431045676e-17
4.518229166665835155e-06
5.397264341118433393e-18
4.694010416666567453e-06
-7.948322601309357084e-18
4.830729166666479720e-06
-9.179794983505242415e-19
4.928385416666615501e-06
-5.193566975965090494e-18
4.986979166666741016e-06
-2.383546262447788112e-18
4.999999999999940270e-06
-4.437995438737191984e-18
5.000000000000127464e-06
-3.366856981851768358e-18
3.750000000004627860e-06
-2.127947082764655269e-16
3.854166666666874417e-06
1.096845811491554514e-16
4.049479166663293674e-06
-5.969307237127003259e-17
4.303385416668130051e-06
2.214250224194984848e-17
4.518229166665031321e-06
-1.546820346446041692e-17
4.694010416667334864e-06
3.072432178860750797e-18
4.830729166665937619e-06
-6.933685152123201969e-18
4.928385416667069511e-06
-1.606440139300086110e-18
4.986979166666321734e-06
-5.139321346267123803e-18
5.000000000000279930e-06
-2.825317555153897965e-18
4.999999999999825920e-06
-3.998015722470111267e-18
3.749999999978597266e-06
2.299701041199149717e-16
3.854166666641100898e-06
-1.159192376278744833e-16
4.049479166684675326e-06
5.579094489821979074e-17
4.303385416656744234e-06
-2.822850255736024886e-17
4.518229166671930404e-06
9.425172072367146919e-18
4.694010416663326705e-06
-9.679387021650657015e-18
4.830729166668449071e-06
-2.002295091232982285e-19
4.928385416665519441e-06
-5.472763542026842036e-18
4.986979166667587202e-06
-2.300838432006469080e-18
4.999999999999600609e-06
-4.360559270889862597e-18
5.000000000000285859e-06
-3.474259071539543755e-18
3.750000000034404032e-06
-1.588681787580667077e-16
3.854166666703803359e-06
7.098401515594346696e-17
4.049479166643277438e-06
-3.909951302441198676e-17
4.303385416678736597e-06
1.323074911982654244e-17
4.518229166659658591e-06
-1.093857470411930828e-17
4.694010416670579001e-06
6.516231065727910196e-19
4.830729166664368914e-06
-5.575290480307967132e-18
4.928385416668116444e-06
-2.466171834073595483e-18
4.986979166665738129e-06
-4.440579593712626542e-18
5.000000000000589097e-06
-3.257028051585189510e-18
4.999999999999908082e-06
-3.802152802737118778e-18
3.749999999951313912e-06
8.216739134203256931e-17
3.854166666621787700e-06
-4.098618721287143453e-17
4.049479166692806843e-06
1.698805536134736282e-17
4.303385416653001195e-06
-1.121916554772975045e-17
4.518229166674523172e-06
1.037252842980291810e-18
4.694010416662200998e-06
-5.374362456587335298e-18
4.830729166669349467e-06
-2.475862304904120803e-18
4.928385416665206038e-06
-4.210944133699871506e-18
4.986979166667975990e-06
-3.219031767210468858e-18
4.999999999999603151e-06
-3.833071112013511086e-18
5.000000000000320587e-06
-3.622428371070729181e-18
3.750000000051227801e-06
-3.399872358809254802e-18
3.854166666718336751e-06
-1.150362416858837156e-18
4.049479166637170331e-06
-2.867226313516492733e-18
4.303385416682264490e-06
-2.713168794933304325e-18
4.518229166658139014e-06
-3.039086335801695540e-18
4.694010416671761459e-06
-3.344135369791587523e-18
4.830729166663969961e-06
-3.519022700839700994e-18
4.928385416668561983e-06
-3.694560812138111923e-18
4.986979166665651731e-06
-3.568161886636354650e-18
5.000000000000749186e-06
-3.623728535035695731e-18
5.000000000000021585e-06
-3.632244914322576867e-18
3.749999999955007399e-06
-8.375839775914398436e-17
3.854166666617193393e-06
3.367279798557359474e-17
4.049479166696385557e-06
-2.022457677795251081e-17
4.303385416651850078e-06
4.843069349854005729e-18
4.518229166675382063e-06
-6.724133745440657063e-18
4.694010416662140011e-06
-1.472118845928682872e-18
4.830729166669584943e-06
-4.496243512993520900e-18
4.928385416665309376e-06
-3.251662244961943814e-18
4.986979166668106433e-06
-3.862549536419233330e-18
4.999999999999664984e-06
-3.401774998992476856e-18
5.000000000000376492e-06
-3.642130771212911232e-18
3.750000000038908977e-06
1.532626560273281727e-16
3.854166666702820801e-06
-7.366977103295043287e-17
4.049479166644807180e-06
3.245958657402297322e-17
4.303385416679007648e-06
-1.775559948510006683e-17
4.518229166660144788e-06
4.219306203182085948e-18
4.694010416671066045e-06
-6.934159647817183383e-18
4.830729166664561190e-06
-1.661352443487142162e-18
4.928385416668433234e-06
-5.051788428484187407e-18
4.986979166665962592e-06
-2.503171577042700104e-18
5.000000000000643307e-06
-3.971742621239888729e-18
5.000000000000035984e-06
-3.445779214285721811e-18
3.749999999973806448e-06
-2.360939174456982579e-16
3.854166666645931527e-06
1.136328092718832792e-16
4.049479166683075281e-06
-6.256324050273231170e-17
4.303385416658516227e-06
2.373188583196185425e-17
4.518229166672248042e-06
-1.611669760542369530e-17
4.694010416664158491e-06
3.329059587379134199e-18
4.830729166668798896e-06
-6.844898060413289144e-18
4.928385416665900605e-06
-2.585058062328044482e-18
4.986979166667850629e-06
-4.087638896610276550e-18
4.999999999999818297e-06
-2.871982451310038413e-18
5.000000000000423925e-06
-3.937593433264554351e-18
3.750000000002654273e-06
2.104384359047362986e-16
3.854166666670878342e-06
-1.159891079054878669e-16
4.049479166662429700e-06
5.535228076345772119e-17
4.303385416669833434e-06
-2.779939938537608497e-17
4.518229166665685230e-06
9.423443759862232808e-18
4.694010416668170886e-06
-9.909378711881347228e-18
4.830729166666651667e-06
5.115657226026009543e-19
4.928385416667286351e-06
-7.510094286567604044e-18
4.986979166666594479e-06
-6.467173770432980276e-21
5.000000000000453572e-06
-4.996983157133887307e-18
5.000000000000527264e-06
-3.330318845985781168e-18
3.750000000004462688e-06
-9.138082213829506502e-17
3.854166666674452821e-06
5.513823632109735044e-17
4.049479166662045147e-06
-3.629217170240701825e-17
4.303385416669198159e-06
1.319784689159147973e-17
4.518229166666711834e-06
-1.132196606088903782e-17
4.694010416667161223e-06
8.708703927995024612e-19
4.830729166667724858e-06
-5.048100318147637097e-18
4.928385416666601949e-06
-4.724646324711973664e-18
4.986979166666577538e-06
-1.709390613017889331e-18
5.000000000001011766e-06
-4.139691261543271866e-18
5.000000000000118147e-06
-3.626429123840986965e-18
0.000000000000000000e+00
0.000000000000000000e+00
0.000000000000000000e+00
0.000000000000000000e+00
0.000000000000000000e+00
0.000000000000000000e+00
0.000000000000000000e+00
0.000000000000000000e+00
0.000000000000000000e+00
0.000000000000000000e+00
0.000000000000000000e+00
0.000000000000000000e+00
0.000000000000000000e+00
0.000000000000000000e+00
0.000000000000000000e+00
0.000000000000000000e+00
0.000000000000000000e+00
0.000000000000000000e+00
0.000000000000000000e+00
0.000000000000000000e+00
0.000000000000000000e+00
0.000000000000000000e+00
0.000000000000000000e+00
0.000000000000000000e+00
0.000000000000000000e+00
0.000000000000000000e+00
0.000000000000000000e+00
0.000000000000000000e+00
0.000000000000000000e+00
0.000000000000000000e+00
0.000000000000000000e+00
0.000000000000000000e+00
0.000000000000000000e+00
0.000000000000000000e+00
0.000000000000000000e+00
0.000000000000000000e+00
0.000000000000000000e+00
0.000000000000000000e+00
