0.000000000000000000e+00
0.000000000000000000e+00
2.500000000000117382e+02
8.557490562796982925e-12
7.499999999999662350e+02
-1.018807141828065663e-11
1.000000000000038654e+03
4.937046203411362800e-14
0.000000000000000000e+00
0.000000000000000000e+00
2.499999999999941167e+02
6.833149477038650758e-12
7.500000000000172804e+02
-7.897577354153652351e-12
9.999999999999791953e+02
-2.086693753464555938e-12
0.000000000000000000e+00
0.000000000000000000e+00
2.499999999999938325e+02
-6.523107389289941869e-12
7.500000000000188720e+02
6.672281802705867877e-12
9.999999999999810143e+02
6.935288008855302564e-13
0.000000000000000000e+00
0.000000000000000000e+00
2.500000000000112834e+02
-8.185674828069447286e-12
7.499999999999698730e+02
8.819090865907723843e-12
1.000000000000035243e+03
-1.285346610473300501e-12
4.999999999999641318e+02
7.022679913953300670e-15
7.500000000000338787e+02
-1.030447659931695741e-11
1.249999999999985675e+03
8.978327204312123000e-12
1.499999999999995453e+03
-6.512750569882988858e-12
5.000000000000179057e+02
-2.176840153906080065e-12
7.499999999999826059e+02
-7.664766991979389956e-12
1.250000000000007049e+03
6.341160123112234179e-12
1.500000000000002046e+03
-4.767769497233606021e-12
5.000000000000180762e+02
1.719213422092740310e-12
7.499999999999826059e+02
6.439471440434951365e-12
1.250000000000007958e+03
-7.902194476641886504e-12
1.500000000000002274e+03
1.735712907636299316e-12
4.999999999999689066e+02
-5.056050888129956355e-13
7.500000000000316049e+02
8.935496047142347645e-12
1.249999999999988859e+03
-1.008129894918504056e-11
1.499999999999998181e+03
2.990350931961371700e-12
0.000000000000000000e+00
0.000000000000000000e+00
0.000000000000000000e+00
0.000000000000000000e+00
0.000000000000000000e+00
0.000000000000000000e+00
0.000000000000000000e+00
0.000000000000000000e+00
0.000000000000000000e+00
0.000000000000000000e+00
0.000000000000000000e+00
0.000000000000000000e+00
0.000000000000000000e+00
0.000000000000000000e+00
0.000000000000000000e+00
0.000000000000000000e+00
0.000000000000000000e+00
0.000000000000000000e+00
